Field Group

Plate Comment:	
Procedure Summary
  Plate Type:              Corning 96 well for LogPhase600
  Plate Number:            3
  Discontinuous Kinetics:  Runtime 02:00:00 (D:HH:MM), Interval 00:20:00 (HH:MM:SS), 145 Reads (max)
  Read:                    600 nm
  Incubator:               On
    Temperature setpoint:  30 °C
    Temperature gradient:  On
  Shaking:                 On
     Shaking frequency:    600 RPMs		
			
			

600

Time	A1	A2	A3	A4	A5	A6	A7	A8	A9	A10	A11	A12	B1	B2	B3	B4	B5	B6	B7	B8	B9	B10	B11	B12	C1	C2	C3	C4	C5	C6	C7	C8	C9	C10	C11	C12	D1	D2	D3	D4	D5	D6	D7	D8	D9	D10	D11	D12	E1	E2	E3	E4	E5	E6	E7	E8	E9	E10	E11	E12	F1	F2	F3	F4	F5	F6	F7	F8	F9	F10	F11	F12	G1	G2	G3	G4	G5	G6	G7	G8	G9	G10	G11	G12	H1	H2	H3	H4	H5	H6	H7	H8	H9	H10	H11	H12
0:00:00													0.155	0.158	0.154	0.153	0.162	0.173	0.155	0.163	0.158	0.161	0.152	0.152	0.157	0.158	0.164	0.156	0.160	0.164	0.159	0.172	0.154	0.148	0.160	0.165	0.159	0.156	0.157	0.159	0.149	0.156	0.155	0.163	0.156	0.149	0.155	0.168	0.161	0.154	0.154	0.156	0.153	0.156	0.157	0.154	0.152	0.151	0.148	0.162	0.154	0.156	0.162	0.150	0.154	0.155	0.161	0.167	0.152	0.154	0.152	0.153	0.158	0.155	0.150	0.149	0.148	0.152	0.151	0.158	0.151	0.152	0.154	0.157												
0:20:00													0.154	0.157	0.154	0.153	0.161	0.173	0.155	0.163	0.158	0.160	0.152	0.151	0.156	0.157	0.164	0.156	0.160	0.164	0.159	0.170	0.155	0.148	0.159	0.166	0.158	0.155	0.157	0.158	0.149	0.155	0.155	0.162	0.155	0.148	0.155	0.169	0.160	0.154	0.154	0.155	0.153	0.155	0.157	0.153	0.152	0.151	0.149	0.162	0.153	0.155	0.161	0.149	0.153	0.154	0.161	0.166	0.152	0.154	0.153	0.152	0.156	0.154	0.149	0.149	0.148	0.152	0.150	0.158	0.150	0.151	0.154	0.156												
0:40:00													0.154	0.157	0.154	0.153	0.160	0.173	0.154	0.162	0.157	0.160	0.151	0.151	0.156	0.156	0.164	0.155	0.159	0.163	0.158	0.169	0.155	0.148	0.159	0.167	0.157	0.154	0.156	0.158	0.149	0.155	0.154	0.163	0.155	0.148	0.154	0.170	0.159	0.156	0.153	0.154	0.152	0.154	0.157	0.152	0.152	0.151	0.149	0.162	0.153	0.155	0.160	0.149	0.153	0.153	0.161	0.165	0.153	0.154	0.152	0.151	0.156	0.154	0.149	0.149	0.147	0.152	0.150	0.158	0.149	0.150	0.154	0.154												
1:00:00													0.154	0.157	0.154	0.152	0.160	0.172	0.154	0.162	0.157	0.159	0.151	0.150	0.156	0.155	0.164	0.155	0.159	0.163	0.158	0.169	0.155	0.148	0.159	0.170	0.157	0.154	0.156	0.158	0.148	0.155	0.154	0.162	0.155	0.148	0.154	0.171	0.158	0.155	0.153	0.154	0.152	0.154	0.157	0.152	0.151	0.152	0.149	0.161	0.153	0.154	0.159	0.148	0.153	0.153	0.161	0.165	0.153	0.154	0.150	0.151	0.155	0.153	0.149	0.149	0.147	0.151	0.149	0.159	0.149	0.149	0.152	0.154												
1:20:00													0.154	0.156	0.154	0.152	0.160	0.172	0.154	0.162	0.156	0.159	0.151	0.150	0.156	0.154	0.164	0.155	0.159	0.163	0.157	0.169	0.155	0.148	0.158	0.169	0.157	0.154	0.156	0.157	0.148	0.155	0.153	0.163	0.154	0.148	0.153	0.171	0.158	0.155	0.153	0.153	0.152	0.154	0.157	0.152	0.151	0.152	0.149	0.160	0.153	0.154	0.159	0.148	0.152	0.152	0.161	0.165	0.153	0.154	0.149	0.151	0.155	0.153	0.149	0.149	0.147	0.151	0.149	0.158	0.149	0.150	0.152	0.154												
1:40:00													0.154	0.156	0.154	0.151	0.160	0.172	0.154	0.162	0.156	0.159	0.151	0.149	0.156	0.154	0.164	0.155	0.159	0.163	0.157	0.168	0.154	0.148	0.157	0.168	0.157	0.154	0.156	0.157	0.148	0.155	0.153	0.162	0.154	0.148	0.153	0.171	0.158	0.155	0.153	0.153	0.152	0.153	0.156	0.152	0.151	0.151	0.149	0.159	0.153	0.153	0.158	0.148	0.153	0.152	0.161	0.164	0.153	0.153	0.148	0.150	0.155	0.153	0.149	0.149	0.146	0.151	0.149	0.158	0.149	0.149	0.152	0.154												
2:00:00													0.154	0.156	0.155	0.150	0.160	0.171	0.154	0.162	0.157	0.158	0.151	0.149	0.156	0.154	0.164	0.155	0.159	0.163	0.157	0.168	0.154	0.148	0.157	0.168	0.157	0.153	0.157	0.157	0.149	0.154	0.153	0.162	0.154	0.148	0.153	0.170	0.158	0.154	0.153	0.152	0.152	0.153	0.156	0.152	0.151	0.151	0.149	0.158	0.153	0.153	0.158	0.147	0.153	0.151	0.160	0.164	0.153	0.153	0.148	0.150	0.155	0.153	0.149	0.148	0.147	0.150	0.149	0.157	0.151	0.149	0.152	0.154												
2:20:00													0.155	0.155	0.157	0.150	0.160	0.171	0.154	0.162	0.157	0.158	0.151	0.148	0.156	0.153	0.165	0.155	0.160	0.162	0.156	0.167	0.154	0.148	0.157	0.168	0.156	0.153	0.158	0.156	0.149	0.154	0.153	0.161	0.154	0.148	0.153	0.171	0.158	0.155	0.153	0.151	0.152	0.153	0.155	0.152	0.151	0.151	0.148	0.159	0.154	0.153	0.160	0.148	0.153	0.151	0.160	0.163	0.153	0.153	0.148	0.150	0.154	0.153	0.151	0.149	0.147	0.150	0.149	0.157	0.151	0.148	0.152	0.153												
2:40:00													0.156	0.155	0.159	0.150	0.161	0.171	0.154	0.162	0.157	0.157	0.151	0.148	0.157	0.153	0.167	0.155	0.160	0.161	0.156	0.167	0.154	0.148	0.157	0.166	0.157	0.153	0.160	0.156	0.150	0.153	0.153	0.162	0.154	0.148	0.153	0.171	0.159	0.155	0.155	0.151	0.152	0.153	0.155	0.152	0.151	0.150	0.149	0.158	0.155	0.153	0.161	0.148	0.154	0.150	0.160	0.163	0.152	0.153	0.148	0.150	0.155	0.152	0.153	0.149	0.148	0.150	0.149	0.156	0.151	0.148	0.151	0.153												
3:00:00													0.157	0.155	0.163	0.149	0.162	0.170	0.154	0.162	0.157	0.157	0.151	0.148	0.158	0.153	0.170	0.155	0.162	0.161	0.156	0.167	0.154	0.147	0.156	0.166	0.158	0.153	0.163	0.156	0.152	0.153	0.154	0.161	0.154	0.148	0.153	0.170	0.160	0.154	0.159	0.151	0.154	0.152	0.155	0.152	0.151	0.150	0.148	0.158	0.156	0.153	0.164	0.147	0.155	0.150	0.160	0.162	0.152	0.153	0.148	0.149	0.157	0.153	0.156	0.148	0.149	0.150	0.149	0.156	0.151	0.148	0.151	0.153												
3:20:00													0.159	0.156	0.169	0.150	0.165	0.170	0.154	0.162	0.156	0.157	0.151	0.149	0.160	0.153	0.175	0.155	0.164	0.162	0.156	0.168	0.154	0.147	0.156	0.164	0.160	0.153	0.168	0.156	0.155	0.153	0.153	0.161	0.154	0.147	0.153	0.170	0.162	0.154	0.164	0.151	0.156	0.152	0.156	0.152	0.152	0.150	0.149	0.157	0.158	0.153	0.169	0.146	0.158	0.150	0.160	0.162	0.152	0.152	0.147	0.149	0.160	0.153	0.161	0.148	0.150	0.150	0.150	0.156	0.151	0.148	0.152	0.152												
3:40:00													0.163	0.155	0.179	0.150	0.168	0.170	0.154	0.162	0.157	0.157	0.151	0.148	0.164	0.153	0.183	0.155	0.169	0.160	0.156	0.166	0.155	0.147	0.155	0.165	0.163	0.152	0.176	0.155	0.159	0.153	0.154	0.161	0.154	0.147	0.153	0.170	0.165	0.155	0.172	0.150	0.160	0.152	0.155	0.151	0.152	0.149	0.148	0.157	0.162	0.153	0.178	0.147	0.161	0.150	0.160	0.162	0.152	0.152	0.147	0.149	0.163	0.153	0.170	0.148	0.153	0.150	0.150	0.155	0.152	0.148	0.151	0.152												
4:00:00													0.168	0.156	0.192	0.149	0.175	0.170	0.155	0.161	0.157	0.157	0.151	0.148	0.170	0.153	0.196	0.155	0.175	0.162	0.157	0.168	0.155	0.146	0.155	0.164	0.169	0.152	0.189	0.155	0.168	0.153	0.154	0.161	0.155	0.147	0.153	0.170	0.170	0.155	0.184	0.150	0.167	0.151	0.157	0.151	0.153	0.150	0.149	0.156	0.168	0.153	0.190	0.146	0.168	0.150	0.160	0.162	0.152	0.152	0.147	0.148	0.170	0.153	0.182	0.148	0.157	0.149	0.151	0.155	0.153	0.148	0.152	0.152												
4:20:00													0.178	0.157	0.208	0.149	0.185	0.169	0.156	0.161	0.158	0.156	0.150	0.148	0.179	0.154	0.214	0.155	0.185	0.162	0.158	0.168	0.155	0.146	0.155	0.163	0.177	0.154	0.205	0.155	0.180	0.153	0.154	0.161	0.155	0.147	0.153	0.170	0.179	0.156	0.201	0.150	0.177	0.151	0.157	0.151	0.154	0.149	0.149	0.156	0.178	0.154	0.208	0.146	0.178	0.149	0.160	0.161	0.153	0.152	0.147	0.148	0.180	0.154	0.198	0.147	0.164	0.149	0.152	0.155	0.153	0.147	0.152	0.151												
4:40:00													0.190	0.158	0.231	0.149	0.199	0.169	0.156	0.161	0.159	0.156	0.151	0.148	0.193	0.155	0.237	0.155	0.200	0.162	0.158	0.167	0.157	0.146	0.155	0.163	0.189	0.154	0.227	0.155	0.196	0.153	0.155	0.160	0.156	0.147	0.153	0.170	0.191	0.156	0.223	0.150	0.191	0.151	0.158	0.151	0.155	0.149	0.149	0.155	0.191	0.155	0.230	0.146	0.192	0.149	0.161	0.161	0.154	0.152	0.147	0.148	0.193	0.155	0.220	0.148	0.174	0.149	0.153	0.155	0.154	0.147	0.151	0.151												
5:00:00													0.205	0.159	0.259	0.149	0.215	0.169	0.158	0.162	0.160	0.156	0.151	0.148	0.209	0.156	0.266	0.155	0.219	0.162	0.160	0.168	0.158	0.146	0.155	0.163	0.203	0.155	0.259	0.155	0.215	0.153	0.157	0.161	0.158	0.147	0.154	0.170	0.205	0.158	0.250	0.150	0.207	0.151	0.159	0.151	0.156	0.149	0.149	0.155	0.207	0.156	0.259	0.146	0.209	0.149	0.162	0.161	0.155	0.152	0.147	0.148	0.209	0.157	0.248	0.148	0.187	0.149	0.155	0.155	0.155	0.147	0.152	0.151												
5:20:00													0.231	0.161	0.285	0.150	0.240	0.169	0.160	0.162	0.162	0.156	0.151	0.148	0.234	0.158	0.294	0.155	0.244	0.162	0.161	0.168	0.160	0.146	0.155	0.163	0.225	0.158	0.284	0.155	0.244	0.153	0.158	0.161	0.160	0.147	0.153	0.170	0.226	0.159	0.278	0.150	0.230	0.151	0.161	0.151	0.158	0.149	0.149	0.155	0.232	0.158	0.287	0.146	0.233	0.149	0.164	0.162	0.157	0.152	0.148	0.148	0.234	0.159	0.274	0.148	0.205	0.149	0.158	0.155	0.157	0.147	0.152	0.151												
5:40:00													0.256	0.163	0.319	0.150	0.263	0.168	0.163	0.162	0.164	0.156	0.152	0.148	0.261	0.160	0.327	0.156	0.271	0.162	0.163	0.168	0.163	0.146	0.155	0.163	0.250	0.159	0.314	0.156	0.271	0.153	0.161	0.160	0.162	0.147	0.155	0.170	0.249	0.162	0.309	0.151	0.257	0.151	0.163	0.151	0.161	0.149	0.149	0.155	0.259	0.161	0.318	0.147	0.257	0.149	0.166	0.162	0.160	0.152	0.148	0.147	0.259	0.161	0.305	0.149	0.231	0.149	0.162	0.155	0.159	0.147	0.152	0.152												
6:00:00													0.284	0.166	0.359	0.150	0.288	0.168	0.166	0.163	0.168	0.156	0.152	0.148	0.287	0.164	0.364	0.157	0.298	0.159	0.166	0.168	0.166	0.147	0.156	0.164	0.273	0.163	0.351	0.156	0.300	0.153	0.164	0.162	0.166	0.147	0.155	0.170	0.273	0.166	0.346	0.152	0.283	0.151	0.166	0.152	0.164	0.149	0.150	0.156	0.288	0.165	0.354	0.148	0.284	0.149	0.169	0.162	0.164	0.152	0.149	0.148	0.284	0.165	0.343	0.150	0.254	0.149	0.166	0.156	0.163	0.148	0.153	0.152												
6:20:00													0.321	0.170	0.396	0.152	0.315	0.168	0.169	0.164	0.171	0.156	0.155	0.148	0.319	0.168	0.400	0.158	0.331	0.159	0.170	0.168	0.170	0.147	0.156	0.164	0.303	0.167	0.388	0.157	0.332	0.153	0.168	0.159	0.170	0.147	0.155	0.170	0.302	0.170	0.382	0.152	0.315	0.151	0.170	0.153	0.168	0.149	0.151	0.156	0.322	0.169	0.389	0.149	0.315	0.149	0.173	0.163	0.168	0.152	0.149	0.148	0.322	0.170	0.379	0.151	0.280	0.149	0.172	0.156	0.166	0.147	0.153	0.152												
6:40:00													0.357	0.176	0.415	0.152	0.349	0.168	0.175	0.166	0.177	0.156	0.155	0.148	0.359	0.174	0.424	0.158	0.365	0.161	0.175	0.171	0.176	0.146	0.157	0.164	0.340	0.173	0.414	0.159	0.371	0.153	0.173	0.160	0.175	0.148	0.157	0.169	0.336	0.176	0.401	0.153	0.355	0.152	0.176	0.155	0.174	0.149	0.151	0.155	0.358	0.176	0.409	0.149	0.349	0.149	0.177	0.164	0.174	0.152	0.149	0.147	0.362	0.176	0.402	0.151	0.308	0.149	0.181	0.157	0.171	0.148	0.154	0.152												
7:00:00													0.386	0.184	0.419	0.154	0.375	0.168	0.183	0.166	0.184	0.156	0.157	0.149	0.390	0.182	0.426	0.160	0.392	0.161	0.181	0.173	0.184	0.147	0.159	0.164	0.365	0.182	0.421	0.161	0.393	0.153	0.180	0.164	0.183	0.148	0.158	0.170	0.362	0.184	0.406	0.156	0.386	0.151	0.183	0.154	0.182	0.149	0.154	0.155	0.385	0.184	0.412	0.151	0.376	0.150	0.185	0.166	0.182	0.153	0.151	0.148	0.391	0.186	0.406	0.153	0.340	0.150	0.192	0.157	0.178	0.148	0.155	0.152												
7:20:00													0.401	0.196	0.419	0.156	0.384	0.169	0.193	0.169	0.195	0.157	0.160	0.147	0.407	0.193	0.425	0.162	0.405	0.159	0.190	0.175	0.194	0.148	0.162	0.166	0.374	0.193	0.428	0.161	0.401	0.153	0.190	0.165	0.194	0.150	0.160	0.170	0.374	0.196	0.414	0.158	0.400	0.152	0.193	0.158	0.193	0.150	0.158	0.156	0.392	0.195	0.415	0.153	0.387	0.151	0.194	0.166	0.193	0.153	0.154	0.148	0.400	0.198	0.406	0.156	0.365	0.149	0.204	0.161	0.187	0.149	0.158	0.153												
7:40:00													0.402	0.210	0.417	0.158	0.388	0.169	0.207	0.173	0.208	0.157	0.164	0.149	0.407	0.207	0.424	0.165	0.413	0.162	0.202	0.178	0.208	0.148	0.164	0.166	0.373	0.205	0.431	0.166	0.408	0.153	0.202	0.173	0.207	0.148	0.162	0.170	0.380	0.209	0.422	0.162	0.417	0.152	0.205	0.161	0.207	0.151	0.158	0.155	0.391	0.211	0.420	0.156	0.397	0.151	0.206	0.169	0.208	0.154	0.155	0.149	0.399	0.212	0.411	0.159	0.376	0.150	0.223	0.161	0.200	0.148	0.160	0.153												
8:00:00													0.399	0.229	0.418	0.163	0.392	0.170	0.224	0.176	0.225	0.157	0.168	0.148	0.409	0.226	0.425	0.168	0.421	0.160	0.216	0.183	0.227	0.148	0.169	0.168	0.373	0.224	0.438	0.171	0.419	0.154	0.218	0.175	0.223	0.150	0.166	0.171	0.386	0.228	0.433	0.169	0.437	0.153	0.220	0.166	0.225	0.151	0.165	0.156	0.389	0.229	0.428	0.162	0.407	0.152	0.222	0.173	0.226	0.154	0.159	0.148	0.397	0.233	0.412	0.165	0.380	0.151	0.241	0.164	0.216	0.148	0.163	0.155												
8:20:00													0.397	0.253	0.419	0.169	0.394	0.171	0.247	0.181	0.247	0.159	0.174	0.150	0.410	0.250	0.427	0.176	0.434	0.159	0.238	0.186	0.251	0.148	0.174	0.169	0.373	0.246	0.446	0.177	0.430	0.155	0.239	0.179	0.246	0.152	0.173	0.171	0.387	0.252	0.446	0.178	0.463	0.154	0.243	0.168	0.248	0.152	0.171	0.157	0.389	0.253	0.434	0.174	0.423	0.151	0.243	0.178	0.250	0.155	0.166	0.151	0.394	0.259	0.414	0.175	0.386	0.151	0.268	0.171	0.237	0.149	0.170	0.155												
8:40:00													0.395	0.278	0.420	0.187	0.397	0.172	0.270	0.190	0.272	0.160	0.181	0.150	0.412	0.276	0.429	0.203	0.464	0.161	0.261	0.212	0.276	0.150	0.182	0.170	0.377	0.270	0.453	0.197	0.447	0.155	0.262	0.203	0.271	0.153	0.182	0.171	0.387	0.274	0.461	0.172	0.493	0.152	0.267	0.177	0.274	0.153	0.184	0.158	0.390	0.277	0.441	0.191	0.445	0.153	0.266	0.183	0.275	0.155	0.172	0.149	0.396	0.283	0.415	0.203	0.390	0.152	0.295	0.180	0.261	0.152	0.178	0.155												
9:00:00													0.397	0.305	0.422	0.212	0.401	0.174	0.293	0.219	0.295	0.160	0.205	0.151	0.416	0.301	0.432	0.210	0.493	0.162	0.280	0.222	0.298	0.150	0.206	0.172	0.381	0.295	0.458	0.212	0.461	0.157	0.281	0.212	0.292	0.155	0.208	0.173	0.386	0.299	0.478	0.185	0.518	0.156	0.289	0.203	0.299	0.154	0.207	0.159	0.394	0.303	0.449	0.191	0.469	0.153	0.284	0.214	0.300	0.156	0.194	0.152	0.396	0.309	0.419	0.209	0.395	0.153	0.319	0.208	0.281	0.152	0.194	0.157												
9:20:00													0.397	0.341	0.425	0.219	0.405	0.175	0.325	0.229	0.325	0.162	0.207	0.153	0.420	0.335	0.435	0.207	0.520	0.164	0.308	0.213	0.328	0.152	0.212	0.174	0.386	0.329	0.462	0.209	0.474	0.159	0.307	0.202	0.323	0.156	0.203	0.174	0.387	0.333	0.492	0.187	0.539	0.155	0.316	0.222	0.332	0.155	0.206	0.158	0.397	0.336	0.459	0.182	0.490	0.154	0.314	0.231	0.332	0.157	0.201	0.153	0.397	0.341	0.425	0.202	0.401	0.154	0.349	0.217	0.310	0.153	0.206	0.156												
9:40:00													0.401	0.370	0.429	0.219	0.407	0.175	0.357	0.220	0.357	0.164	0.203	0.156	0.423	0.362	0.439	0.211	0.544	0.167	0.336	0.213	0.357	0.154	0.217	0.176	0.388	0.358	0.465	0.208	0.485	0.161	0.336	0.205	0.348	0.159	0.208	0.176	0.387	0.357	0.504	0.191	0.555	0.158	0.347	0.214	0.361	0.157	0.206	0.163	0.400	0.362	0.470	0.191	0.507	0.156	0.342	0.221	0.360	0.159	0.200	0.153	0.399	0.362	0.431	0.201	0.407	0.154	0.378	0.206	0.341	0.155	0.203	0.161												
10:00:00													0.402	0.377	0.433	0.230	0.412	0.180	0.373	0.231	0.371	0.167	0.224	0.158	0.426	0.371	0.443	0.224	0.564	0.171	0.349	0.223	0.369	0.157	0.232	0.178	0.390	0.366	0.466	0.218	0.496	0.164	0.351	0.250	0.362	0.164	0.226	0.179	0.388	0.364	0.511	0.202	0.571	0.162	0.360	0.223	0.370	0.160	0.226	0.163	0.401	0.367	0.477	0.196	0.520	0.160	0.362	0.227	0.373	0.162	0.218	0.156	0.401	0.365	0.437	0.211	0.411	0.159	0.390	0.220	0.357	0.155	0.217	0.166												
10:20:00													0.406	0.383	0.438	0.249	0.419	0.189	0.390	0.244	0.378	0.173	0.246	0.164	0.429	0.376	0.447	0.240	0.583	0.171	0.358	0.232	0.377	0.164	0.251	0.184	0.390	0.371	0.468	0.231	0.505	0.189	0.362	0.244	0.374	0.189	0.244	0.182	0.391	0.369	0.514	0.223	0.587	0.164	0.365	0.238	0.380	0.172	0.249	0.168	0.403	0.372	0.483	0.204	0.535	0.168	0.378	0.234	0.379	0.167	0.233	0.161	0.402	0.369	0.443	0.228	0.418	0.164	0.392	0.232	0.368	0.162	0.234	0.187												
10:40:00													0.408	0.382	0.441	0.272	0.427	0.220	0.398	0.267	0.390	0.194	0.273	0.177	0.430	0.378	0.452	0.257	0.598	0.175	0.364	0.243	0.383	0.197	0.278	0.213	0.390	0.374	0.470	0.250	0.513	0.191	0.367	0.266	0.381	0.202	0.266	0.197	0.392	0.372	0.508	0.244	0.597	0.165	0.369	0.255	0.386	0.201	0.274	0.180	0.404	0.376	0.484	0.219	0.540	0.199	0.374	0.248	0.385	0.185	0.251	0.168	0.405	0.368	0.447	0.253	0.424	0.176	0.393	0.252	0.376	0.171	0.255	0.179												
11:00:00													0.412	0.384	0.443	0.314	0.436	0.217	0.401	0.300	0.392	0.217	0.307	0.172	0.433	0.381	0.454	0.289	0.612	0.175	0.369	0.269	0.388	0.190	0.312	0.212	0.391	0.378	0.472	0.281	0.521	0.179	0.373	0.285	0.388	0.195	0.294	0.219	0.394	0.374	0.499	0.277	0.605	0.164	0.375	0.288	0.390	0.179	0.306	0.211	0.407	0.378	0.484	0.239	0.544	0.209	0.381	0.280	0.388	0.215	0.274	0.204	0.409	0.372	0.450	0.284	0.431	0.210	0.395	0.280	0.376	0.196	0.278	0.175												
11:20:00													0.415	0.388	0.445	0.351	0.444	0.223	0.409	0.332	0.397	0.211	0.349	0.176	0.434	0.382	0.456	0.326	0.623	0.178	0.372	0.296	0.397	0.185	0.350	0.221	0.393	0.382	0.474	0.314	0.526	0.181	0.379	0.308	0.392	0.182	0.325	0.221	0.397	0.377	0.498	0.304	0.615	0.169	0.379	0.326	0.395	0.183	0.344	0.214	0.409	0.379	0.483	0.259	0.546	0.194	0.390	0.315	0.392	0.194	0.299	0.187	0.411	0.373	0.452	0.323	0.438	0.217	0.397	0.310	0.385	0.204	0.310	0.175												
11:40:00													0.416	0.388	0.448	0.388	0.452	0.230	0.416	0.370	0.404	0.204	0.393	0.182	0.437	0.387	0.459	0.359	0.632	0.199	0.379	0.316	0.404	0.187	0.394	0.226	0.394	0.387	0.476	0.338	0.530	0.188	0.385	0.341	0.397	0.190	0.358	0.216	0.399	0.380	0.491	0.332	0.622	0.201	0.384	0.361	0.399	0.193	0.382	0.214	0.410	0.385	0.483	0.274	0.549	0.193	0.394	0.350	0.396	0.208	0.328	0.188	0.414	0.375	0.452	0.365	0.444	0.219	0.401	0.340	0.387	0.211	0.341	0.186												
12:00:00													0.417	0.392	0.453	0.428	0.461	0.239	0.423	0.405	0.409	0.202	0.440	0.195	0.440	0.391	0.463	0.383	0.641	0.214	0.387	0.344	0.404	0.199	0.431	0.227	0.395	0.390	0.477	0.368	0.534	0.199	0.389	0.381	0.403	0.201	0.393	0.218	0.401	0.382	0.490	0.369	0.629	0.204	0.387	0.405	0.404	0.205	0.415	0.217	0.412	0.387	0.483	0.286	0.551	0.205	0.396	0.389	0.401	0.210	0.347	0.196	0.417	0.379	0.453	0.400	0.450	0.227	0.403	0.380	0.394	0.220	0.378	0.199												
12:20:00													0.424	0.395	0.456	0.464	0.469	0.241	0.428	0.449	0.414	0.215	0.492	0.207	0.444	0.395	0.465	0.417	0.649	0.233	0.389	0.367	0.411	0.217	0.480	0.235	0.397	0.391	0.480	0.398	0.539	0.211	0.396	0.425	0.407	0.210	0.432	0.230	0.401	0.387	0.502	0.402	0.634	0.209	0.390	0.441	0.408	0.222	0.450	0.219	0.416	0.390	0.485	0.304	0.555	0.218	0.402	0.416	0.405	0.224	0.368	0.211	0.422	0.381	0.456	0.437	0.456	0.240	0.407	0.428	0.397	0.227	0.426	0.215												
12:40:00													0.428	0.400	0.459	0.484	0.479	0.256	0.432	0.494	0.416	0.232	0.543	0.225	0.446	0.395	0.467	0.452	0.654	0.252	0.393	0.394	0.415	0.230	0.521	0.255	0.399	0.395	0.485	0.430	0.546	0.225	0.401	0.452	0.411	0.226	0.465	0.247	0.406	0.391	0.506	0.432	0.640	0.221	0.393	0.482	0.414	0.246	0.493	0.229	0.421	0.394	0.488	0.327	0.560	0.230	0.408	0.452	0.406	0.241	0.397	0.233	0.423	0.384	0.461	0.472	0.466	0.256	0.406	0.470	0.403	0.235	0.467	0.231												
13:00:00													0.429	0.403	0.461	0.519	0.490	0.275	0.434	0.535	0.421	0.255	0.576	0.246	0.451	0.400	0.470	0.487	0.658	0.280	0.396	0.423	0.416	0.250	0.547	0.281	0.402	0.396	0.487	0.463	0.551	0.242	0.403	0.491	0.414	0.259	0.496	0.269	0.410	0.395	0.509	0.455	0.645	0.241	0.398	0.516	0.421	0.275	0.528	0.244	0.425	0.396	0.495	0.351	0.566	0.253	0.414	0.486	0.410	0.267	0.427	0.257	0.427	0.387	0.465	0.503	0.470	0.263	0.409	0.511	0.404	0.238	0.516	0.247												
13:20:00													0.432	0.406	0.466	0.546	0.484	0.298	0.437	0.565	0.425	0.282	0.621	0.271	0.454	0.402	0.475	0.513	0.663	0.303	0.401	0.456	0.422	0.282	0.587	0.297	0.405	0.401	0.493	0.500	0.556	0.271	0.408	0.533	0.416	0.286	0.529	0.281	0.411	0.398	0.509	0.488	0.648	0.261	0.402	0.548	0.424	0.296	0.561	0.260	0.429	0.399	0.498	0.371	0.569	0.288	0.417	0.520	0.411	0.294	0.454	0.277	0.430	0.390	0.464	0.531	0.473	0.276	0.412	0.540	0.409	0.257	0.560	0.272												
13:40:00													0.439	0.408	0.469	0.601	0.482	0.319	0.440	0.593	0.427	0.312	0.643	0.297	0.461	0.405	0.477	0.531	0.667	0.327	0.404	0.484	0.424	0.307	0.614	0.334	0.410	0.404	0.494	0.533	0.566	0.297	0.406	0.562	0.418	0.316	0.562	0.302	0.417	0.401	0.506	0.514	0.654	0.271	0.404	0.587	0.427	0.324	0.598	0.279	0.433	0.403	0.510	0.395	0.580	0.313	0.420	0.546	0.415	0.327	0.489	0.291	0.435	0.392	0.472	0.567	0.482	0.294	0.413	0.571	0.411	0.276	0.598	0.298												
14:00:00													0.441	0.410	0.472	0.642	0.485	0.349	0.442	0.623	0.429	0.343	0.683	0.317	0.464	0.409	0.483	0.577	0.673	0.352	0.408	0.526	0.426	0.337	0.648	0.361	0.413	0.405	0.500	0.559	0.575	0.327	0.412	0.593	0.421	0.339	0.594	0.328	0.422	0.403	0.510	0.528	0.659	0.281	0.406	0.632	0.426	0.351	0.630	0.292	0.436	0.406	0.513	0.454	0.589	0.350	0.423	0.591	0.417	0.367	0.519	0.311	0.436	0.395	0.476	0.604	0.489	0.322	0.415	0.606	0.414	0.300	0.621	0.318												
14:20:00													0.444	0.410	0.477	0.677	0.488	0.381	0.444	0.655	0.430	0.380	0.710	0.339	0.467	0.411	0.490	0.599	0.681	0.380	0.410	0.581	0.426	0.366	0.676	0.383	0.418	0.407	0.504	0.597	0.583	0.354	0.414	0.657	0.421	0.364	0.622	0.344	0.418	0.405	0.514	0.560	0.668	0.294	0.408	0.649	0.431	0.378	0.630	0.298	0.438	0.409	0.522	0.498	0.594	0.379	0.425	0.623	0.419	0.397	0.540	0.334	0.440	0.396	0.476	0.621	0.493	0.355	0.419	0.649	0.416	0.330	0.663	0.345												
14:40:00													0.451	0.412	0.481	0.678	0.493	0.409	0.448	0.685	0.431	0.416	0.735	0.371	0.474	0.411	0.495	0.692	0.689	0.403	0.412	0.655	0.428	0.393	0.695	0.405	0.422	0.409	0.507	0.605	0.594	0.372	0.417	0.696	0.424	0.393	0.665	0.366	0.426	0.406	0.518	0.597	0.676	0.312	0.410	0.688	0.435	0.408	0.688	0.313	0.446	0.410	0.531	0.571	0.603	0.405	0.427	0.634	0.419	0.429	0.618	0.360	0.446	0.397	0.481	0.651	0.504	0.389	0.422	0.676	0.419	0.353	0.682	0.381												
15:00:00													0.458	0.416	0.485	0.708	0.501	0.444	0.449	0.710	0.435	0.452	0.766	0.406	0.480	0.411	0.500	0.714	0.696	0.425	0.413	0.675	0.429	0.427	0.772	0.432	0.427	0.411	0.513	0.659	0.603	0.401	0.420	0.730	0.427	0.427	0.715	0.387	0.432	0.407	0.524	0.649	0.685	0.329	0.412	0.706	0.438	0.444	0.692	0.332	0.452	0.412	0.541	0.603	0.611	0.437	0.429	0.663	0.422	0.465	0.677	0.388	0.450	0.399	0.482	0.677	0.514	0.421	0.423	0.716	0.421	0.374	0.737	0.407												
15:20:00													0.463	0.417	0.488	0.743	0.508	0.475	0.452	0.747	0.438	0.485	0.798	0.435	0.484	0.413	0.506	0.727	0.706	0.441	0.417	0.717	0.431	0.462	0.789	0.458	0.433	0.411	0.515	0.688	0.611	0.433	0.424	0.750	0.429	0.461	0.761	0.411	0.435	0.409	0.531	0.674	0.694	0.347	0.415	0.722	0.442	0.478	0.765	0.358	0.455	0.414	0.549	0.645	0.620	0.470	0.433	0.720	0.426	0.498	0.723	0.416	0.454	0.403	0.484	0.728	0.522	0.455	0.427	0.753	0.427	0.406	0.777	0.441												
15:40:01													0.469	0.419	0.492	0.774	0.518	0.493	0.455	0.767	0.441	0.524	0.814	0.466	0.490	0.414	0.511	0.755	0.713	0.460	0.418	0.756	0.435	0.493	0.842	0.490	0.439	0.414	0.519	0.738	0.618	0.454	0.427	0.779	0.431	0.490	0.794	0.438	0.441	0.410	0.537	0.690	0.701	0.366	0.416	0.754	0.447	0.501	0.797	0.383	0.461	0.414	0.557	0.678	0.636	0.491	0.436	0.756	0.427	0.527	0.780	0.449	0.460	0.405	0.488	0.748	0.532	0.477	0.429	0.787	0.430	0.434	0.807	0.474												
16:00:01													0.476	0.422	0.496	0.796	0.528	0.512	0.459	0.784	0.444	0.545	0.845	0.497	0.496	0.416	0.517	0.788	0.719	0.477	0.421	0.786	0.438	0.515	0.878	0.519	0.445	0.417	0.524	0.759	0.626	0.481	0.432	0.812	0.434	0.517	0.856	0.461	0.447	0.412	0.543	0.709	0.708	0.383	0.420	0.786	0.451	0.527	0.836	0.410	0.467	0.420	0.567	0.704	0.638	0.509	0.440	0.790	0.430	0.556	0.819	0.474	0.467	0.410	0.492	0.764	0.546	0.500	0.432	0.823	0.436	0.457	0.835	0.502												
16:20:01													0.481	0.423	0.499	0.800	0.539	0.534	0.463	0.798	0.447	0.570	0.899	0.531	0.500	0.418	0.521	0.805	0.726	0.498	0.424	0.810	0.442	0.552	0.908	0.551	0.451	0.418	0.527	0.791	0.632	0.515	0.436	0.837	0.437	0.544	0.882	0.492	0.452	0.412	0.549	0.724	0.713	0.407	0.423	0.811	0.456	0.559	0.870	0.441	0.470	0.423	0.574	0.728	0.645	0.543	0.443	0.818	0.433	0.590	0.845	0.505	0.472	0.412	0.495	0.781	0.556	0.521	0.437	0.838	0.443	0.489	0.874	0.545												
16:40:01													0.483	0.426	0.501	0.814	0.547	0.565	0.466	0.829	0.451	0.605	0.901	0.576	0.503	0.420	0.526	0.823	0.731	0.515	0.427	0.833	0.448	0.582	0.921	0.583	0.456	0.420	0.530	0.812	0.638	0.548	0.439	0.851	0.441	0.574	0.910	0.535	0.454	0.414	0.556	0.742	0.717	0.426	0.425	0.830	0.461	0.569	0.894	0.505	0.471	0.426	0.581	0.743	0.651	0.571	0.446	0.840	0.436	0.610	0.869	0.550	0.474	0.414	0.497	0.813	0.563	0.553	0.442	0.852	0.451	0.527	0.906	0.574												
17:00:01													0.489	0.430	0.504	0.831	0.558	0.591	0.467	0.837	0.455	0.634	0.938	0.614	0.509	0.422	0.531	0.832	0.738	0.525	0.429	0.840	0.452	0.607	0.955	0.604	0.461	0.423	0.535	0.829	0.644	0.549	0.443	0.869	0.445	0.613	0.934	0.571	0.459	0.415	0.562	0.753	0.722	0.450	0.428	0.854	0.466	0.598	0.918	0.560	0.476	0.426	0.589	0.753	0.660	0.583	0.450	0.855	0.439	0.628	0.889	0.595	0.479	0.418	0.501	0.835	0.575	0.579	0.444	0.861	0.457	0.559	0.943	0.630												
17:20:01													0.493	0.432	0.506	0.859	0.569	0.610	0.470	0.860	0.458	0.657	0.949	0.650	0.516	0.425	0.537	0.846	0.744	0.542	0.432	0.854	0.460	0.648	0.977	0.641	0.465	0.425	0.539	0.841	0.650	0.597	0.446	0.886	0.448	0.657	0.962	0.618	0.461	0.418	0.569	0.763	0.726	0.469	0.431	0.866	0.472	0.637	0.932	0.608	0.477	0.431	0.596	0.765	0.665	0.604	0.454	0.869	0.443	0.680	0.901	0.638	0.482	0.422	0.504	0.855	0.583	0.595	0.448	0.889	0.464	0.590	0.967	0.667												
17:40:01													0.497	0.435	0.509	0.866	0.581	0.625	0.475	0.877	0.462	0.695	0.952	0.683	0.522	0.427	0.542	0.857	0.751	0.571	0.435	0.870	0.467	0.686	0.984	0.670	0.470	0.427	0.545	0.848	0.656	0.631	0.447	0.904	0.452	0.674	0.972	0.642	0.464	0.419	0.577	0.779	0.733	0.490	0.435	0.878	0.477	0.673	0.939	0.634	0.480	0.434	0.604	0.790	0.672	0.629	0.456	0.899	0.446	0.702	0.930	0.667	0.486	0.424	0.507	0.862	0.591	0.593	0.452	0.894	0.469	0.618	1.008	0.699												
18:00:01													0.502	0.437	0.511	0.892	0.593	0.648	0.480	0.893	0.466	0.704	0.977	0.713	0.529	0.429	0.549	0.870	0.757	0.600	0.438	0.881	0.476	0.721	1.007	0.708	0.474	0.430	0.550	0.855	0.661	0.667	0.450	0.913	0.455	0.705	0.981	0.686	0.468	0.422	0.584	0.799	0.738	0.509	0.438	0.890	0.483	0.723	0.962	0.682	0.483	0.438	0.612	0.798	0.679	0.654	0.459	0.911	0.449	0.754	0.935	0.693	0.489	0.428	0.510	0.887	0.598	0.639	0.455	0.915	0.475	0.661	1.028	0.738												
18:20:01													0.505	0.440	0.513	0.905	0.604	0.685	0.486	0.904	0.469	0.753	1.000	0.726	0.537	0.432	0.553	0.890	0.765	0.636	0.441	0.899	0.488	0.747	1.030	0.745	0.478	0.431	0.554	0.871	0.666	0.698	0.454	0.930	0.460	0.732	1.004	0.720	0.470	0.425	0.591	0.812	0.744	0.540	0.440	0.901	0.488	0.756	0.976	0.719	0.486	0.442	0.616	0.819	0.683	0.668	0.462	0.927	0.454	0.765	0.977	0.723	0.493	0.430	0.514	0.905	0.603	0.685	0.460	0.926	0.481	0.709	1.044	0.781												
18:40:01													0.512	0.444	0.516	0.915	0.616	0.725	0.493	0.910	0.473	0.766	1.018	0.760	0.545	0.435	0.558	0.904	0.770	0.676	0.443	0.902	0.494	0.777	1.050	0.769	0.484	0.433	0.558	0.881	0.674	0.720	0.457	0.953	0.462	0.754	1.019	0.731	0.475	0.427	0.598	0.832	0.750	0.586	0.445	0.914	0.495	0.782	0.996	0.738	0.490	0.448	0.624	0.842	0.694	0.691	0.465	0.939	0.458	0.793	0.998	0.741	0.498	0.433	0.518	0.909	0.609	0.729	0.465	0.937	0.486	0.741	1.070	0.838												
19:00:01													0.516	0.446	0.518	0.924	0.626	0.752	0.500	0.920	0.475	0.809	1.036	0.815	0.552	0.436	0.565	0.916	0.775	0.715	0.447	0.914	0.503	0.795	1.085	0.788	0.489	0.435	0.563	0.888	0.680	0.743	0.460	0.960	0.466	0.782	1.030	0.748	0.478	0.429	0.605	0.840	0.755	0.618	0.449	0.928	0.501	0.791	1.011	0.754	0.494	0.455	0.629	0.853	0.700	0.712	0.468	0.957	0.463	0.819	1.011	0.769	0.502	0.435	0.522	0.922	0.612	0.754	0.471	0.938	0.492	0.784	1.094	0.858												
19:20:01													0.519	0.449	0.519	0.928	0.636	0.816	0.507	0.928	0.479	0.825	1.040	0.852	0.557	0.440	0.569	0.922	0.781	0.748	0.450	0.927	0.515	0.816	1.085	0.808	0.493	0.437	0.567	0.897	0.684	0.760	0.463	0.978	0.470	0.803	1.056	0.769	0.481	0.432	0.611	0.855	0.760	0.655	0.452	0.937	0.506	0.821	1.018	0.778	0.497	0.462	0.632	0.865	0.703	0.734	0.471	0.964	0.470	0.850	1.041	0.789	0.507	0.439	0.527	0.947	0.613	0.798	0.480	0.944	0.499	0.820	1.105	0.862												
19:40:01													0.525	0.451	0.521	0.938	0.648	0.835	0.512	0.937	0.480	0.861	1.070	0.872	0.568	0.443	0.574	0.929	0.787	0.773	0.453	0.931	0.520	0.831	1.106	0.826	0.499	0.440	0.573	0.907	0.690	0.775	0.467	0.985	0.474	0.820	1.082	0.793	0.486	0.434	0.619	0.864	0.765	0.692	0.457	0.951	0.513	0.836	1.039	0.795	0.500	0.472	0.640	0.876	0.711	0.762	0.475	0.979	0.477	0.857	1.057	0.804	0.512	0.441	0.532	0.959	0.619	0.810	0.487	0.961	0.505	0.847	1.112	0.860												
20:00:01													0.530	0.455	0.523	0.952	0.659	0.848	0.519	0.945	0.486	0.875	1.066	0.883	0.580	0.445	0.581	0.940	0.791	0.794	0.457	0.947	0.529	0.846	1.120	0.869	0.505	0.442	0.579	0.916	0.694	0.788	0.470	0.996	0.477	0.836	1.076	0.806	0.490	0.436	0.626	0.877	0.771	0.719	0.461	0.959	0.519	0.854	1.056	0.811	0.504	0.483	0.646	0.884	0.717	0.789	0.479	0.995	0.487	0.869	1.076	0.826	0.518	0.444	0.538	0.977	0.623	0.833	0.497	0.975	0.512	0.874	1.111	0.853												
20:20:01													0.535	0.459	0.525	0.964	0.669	0.852	0.525	0.961	0.499	0.884	1.079	0.887	0.592	0.447	0.587	0.939	0.796	0.810	0.461	0.953	0.538	0.867	1.128	0.890	0.511	0.444	0.584	0.934	0.698	0.808	0.474	1.008	0.481	0.851	1.100	0.829	0.493	0.439	0.634	0.889	0.777	0.743	0.465	0.975	0.525	0.865	1.071	0.827	0.507	0.494	0.652	0.895	0.723	0.804	0.482	1.003	0.500	0.879	1.086	0.847	0.524	0.448	0.545	0.986	0.627	0.846	0.508	0.979	0.519	0.901	1.105	0.874												
20:40:01													0.539	0.459	0.526	0.979	0.679	0.867	0.531	0.981	0.513	0.905	1.088	0.890	0.606	0.450	0.594	0.945	0.802	0.825	0.465	0.971	0.549	0.885	1.140	0.900	0.514	0.446	0.589	0.942	0.701	0.826	0.477	1.014	0.487	0.866	1.109	0.839	0.496	0.441	0.641	0.894	0.782	0.761	0.468	0.990	0.528	0.877	1.091	0.845	0.510	0.506	0.657	0.903	0.726	0.822	0.484	1.016	0.514	0.887	1.101	0.858	0.532	0.450	0.552	0.976	0.629	0.848	0.521	0.995	0.529	0.908	1.125	0.876												
21:00:01													0.548	0.463	0.529	0.991	0.690	0.874	0.537	0.989	0.524	0.927	1.110	0.908	0.622	0.452	0.602	0.962	0.807	0.836	0.468	0.987	0.555	0.903	1.142	0.907	0.522	0.449	0.598	0.950	0.705	0.839	0.481	1.029	0.490	0.881	1.121	0.863	0.501	0.443	0.650	0.908	0.788	0.783	0.473	1.001	0.535	0.895	1.107	0.861	0.514	0.519	0.664	0.909	0.735	0.842	0.489	1.029	0.533	0.899	1.110	0.864	0.540	0.453	0.560	0.990	0.636	0.862	0.536	1.018	0.543	0.933	1.139	0.877												
21:20:01													0.556	0.464	0.531	1.003	0.701	0.891	0.544	1.005	0.535	0.936	1.105	0.932	0.638	0.454	0.611	0.963	0.811	0.852	0.471	1.002	0.563	0.924	1.146	0.937	0.527	0.451	0.604	0.957	0.709	0.853	0.486	1.041	0.495	0.899	1.127	0.875	0.504	0.445	0.656	0.918	0.792	0.798	0.477	1.018	0.540	0.912	1.112	0.874	0.517	0.532	0.670	0.917	0.740	0.861	0.492	1.044	0.552	0.910	1.115	0.872	0.550	0.455	0.570	0.991	0.641	0.873	0.551	1.011	0.557	0.959	1.147	0.892												
21:40:01													0.564	0.466	0.535	1.013	0.709	0.894	0.551	1.026	0.544	0.946	1.103	0.941	0.655	0.456	0.618	0.973	0.816	0.861	0.474	1.019	0.570	0.938	1.154	0.938	0.534	0.454	0.611	0.978	0.713	0.866	0.490	1.051	0.499	0.916	1.136	0.893	0.508	0.447	0.663	0.926	0.796	0.813	0.481	1.021	0.544	0.933	1.124	0.891	0.521	0.547	0.676	0.929	0.745	0.872	0.495	1.063	0.576	0.925	1.120	0.882	0.562	0.457	0.579	1.000	0.646	0.888	0.572	1.026	0.572	0.989	1.149	0.911												
22:00:01													0.574	0.468	0.539	1.031	0.718	0.902	0.559	1.040	0.553	0.973	1.109	0.947	0.670	0.459	0.627	0.982	0.821	0.871	0.478	1.039	0.576	0.951	1.167	0.948	0.540	0.456	0.618	0.983	0.717	0.876	0.493	1.062	0.503	0.935	1.146	0.905	0.512	0.450	0.670	0.935	0.800	0.825	0.486	1.042	0.549	0.951	1.135	0.903	0.526	0.561	0.681	0.929	0.750	0.885	0.499	1.077	0.603	0.933	1.128	0.884	0.577	0.458	0.590	1.019	0.652	0.900	0.591	1.055	0.588	0.997	1.153	0.921												
22:20:01													0.579	0.470	0.546	1.036	0.725	0.939	0.566	1.056	0.562	0.988	1.122	0.954	0.683	0.460	0.635	0.991	0.825	0.880	0.481	1.043	0.585	0.960	1.176	0.960	0.546	0.457	0.620	0.991	0.720	0.888	0.496	1.080	0.509	0.955	1.158	0.910	0.514	0.452	0.675	0.943	0.805	0.835	0.489	1.046	0.553	0.966	1.140	0.918	0.530	0.573	0.685	0.943	0.752	0.892	0.501	1.081	0.629	0.943	1.132	0.885	0.592	0.459	0.601	1.024	0.658	0.909	0.606	1.053	0.602	1.006	1.149	0.941												
22:40:01													0.591	0.472	0.559	1.037	0.735	0.971	0.573	1.068	0.570	1.002	1.128	0.967	0.701	0.462	0.647	0.998	0.831	0.892	0.483	1.057	0.590	0.985	1.172	0.976	0.553	0.459	0.631	1.001	0.725	0.899	0.499	1.089	0.512	0.970	1.168	0.910	0.519	0.454	0.680	0.957	0.809	0.848	0.495	1.055	0.559	0.979	1.145	0.929	0.535	0.584	0.691	0.948	0.760	0.908	0.508	1.086	0.662	0.962	1.136	0.898	0.607	0.461	0.621	1.029	0.676	0.915	0.618	1.073	0.616	1.032	1.155	0.949												
23:00:01													0.601	0.474	0.570	1.056	0.718	0.961	0.581	1.086	0.578	1.015	1.121	0.971	0.717	0.464	0.662	1.016	0.843	0.900	0.487	1.071	0.599	1.000	1.177	0.986	0.561	0.461	0.637	1.010	0.729	0.910	0.503	1.090	0.518	0.985	1.174	0.922	0.524	0.455	0.686	0.963	0.813	0.857	0.500	1.067	0.564	0.995	1.145	0.937	0.540	0.593	0.695	0.971	0.764	0.922	0.513	1.099	0.690	0.974	1.141	0.907	0.626	0.463	0.644	1.047	0.695	0.915	0.629	1.087	0.627	1.040	1.156	0.951												
23:20:01													0.610	0.476	0.581	1.056	0.735	0.970	0.588	1.102	0.587	1.048	1.120	0.978	0.731	0.465	0.684	1.021	0.852	0.909	0.490	1.083	0.608	1.015	1.186	0.993	0.570	0.463	0.646	1.025	0.733	0.922	0.505	1.104	0.522	0.999	1.185	0.929	0.529	0.456	0.696	0.969	0.817	0.866	0.504	1.081	0.569	1.006	1.152	0.942	0.545	0.601	0.700	0.973	0.768	0.934	0.518	1.102	0.718	0.990	1.143	0.920	0.644	0.464	0.662	1.038	0.707	0.919	0.634	1.099	0.638	1.066	1.158	0.952												
23:40:01													0.619	0.477	0.591	1.057	0.746	0.975	0.595	1.110	0.596	1.072	1.123	0.985	0.742	0.467	0.705	1.022	0.863	0.916	0.493	1.091	0.620	1.033	1.186	1.001	0.577	0.464	0.655	1.032	0.736	0.935	0.508	1.110	0.526	1.010	1.179	0.943	0.535	0.457	0.712	0.981	0.825	0.877	0.509	1.087	0.575	1.020	1.157	0.947	0.551	0.603	0.712	0.974	0.772	0.949	0.524	1.117	0.733	1.007	1.149	0.937	0.660	0.465	0.674	1.060	0.717	0.931	0.637	1.102	0.647	1.077	1.155	0.962												
24:00:01													0.629	0.479	0.601	1.069	0.751	0.987	0.604	1.141	0.604	1.091	1.128	0.992	0.749	0.468	0.720	1.033	0.872	0.928	0.497	1.105	0.633	1.049	1.189	1.006	0.584	0.466	0.671	1.044	0.740	0.947	0.510	1.123	0.531	1.025	1.180	0.953	0.541	0.458	0.729	0.989	0.840	0.885	0.515	1.101	0.580	1.032	1.163	0.954	0.557	0.604	0.724	0.981	0.780	0.963	0.529	1.127	0.739	1.020	1.149	0.950	0.675	0.467	0.685	1.069	0.724	0.937	0.641	1.125	0.655	1.090	1.104	0.939												
24:20:01													0.637	0.481	0.610	1.069	0.748	0.992	0.614	1.127	0.612	1.099	1.109	0.992	0.761	0.470	0.732	1.029	0.878	0.935	0.507	1.110	0.645	1.056	1.192	1.006	0.595	0.467	0.692	1.058	0.744	0.960	0.514	1.129	0.535	1.036	1.186	0.961	0.547	0.459	0.740	0.998	0.845	0.892	0.520	1.102	0.587	1.043	1.163	0.959	0.564	0.605	0.738	0.995	0.794	0.974	0.535	1.139	0.737	1.036	1.153	0.962	0.692	0.468	0.695	1.080	0.730	0.939	0.640	1.132	0.662	1.103	1.093	0.918												
24:40:01													0.642	0.483	0.622	1.090	0.730	1.011	0.626	1.138	0.619	1.120	1.066	0.988	0.771	0.471	0.739	1.048	0.884	0.942	0.520	1.119	0.654	1.063	1.194	1.012	0.603	0.468	0.713	1.050	0.748	0.971	0.521	1.137	0.540	1.047	1.188	0.968	0.553	0.461	0.748	1.003	0.849	0.904	0.525	1.111	0.595	1.058	1.174	0.971	0.570	0.607	0.751	1.013	0.805	0.984	0.542	1.147	0.741	1.057	1.151	0.972	0.707	0.470	0.699	1.092	0.735	0.949	0.643	1.132	0.669	1.138	1.104	0.925												
25:00:01													0.643	0.484	0.634	1.089	0.703	1.020	0.639	1.153	0.625	1.133	1.058	0.990	0.774	0.473	0.744	1.072	0.887	0.959	0.533	1.124	0.662	1.080	1.192	1.017	0.612	0.470	0.724	1.067	0.751	0.985	0.529	1.133	0.544	1.058	1.188	0.973	0.560	0.462	0.754	1.009	0.852	0.915	0.530	1.121	0.606	1.069	1.171	0.975	0.577	0.611	0.761	1.025	0.813	0.996	0.547	1.158	0.754	1.075	1.154	0.985	0.716	0.471	0.704	1.100	0.740	0.954	0.644	1.103	0.680	1.156	1.112	0.935												
25:20:01													0.642	0.486	0.647	1.102	0.675	1.052	0.651	1.173	0.631	1.140	1.069	0.997	0.785	0.474	0.755	1.078	0.889	0.975	0.545	1.142	0.669	1.094	1.190	1.020	0.621	0.471	0.730	1.066	0.756	0.994	0.536	1.143	0.550	1.068	1.193	0.974	0.568	0.463	0.757	1.010	0.855	0.929	0.534	1.134	0.615	1.079	1.172	0.985	0.583	0.612	0.767	1.032	0.821	1.012	0.554	1.162	0.752	1.090	1.151	0.990	0.725	0.473	0.706	1.106	0.745	0.976	0.645	1.147	0.697	1.176	1.122	0.945												
25:40:01													0.640	0.488	0.658	1.110	0.651	1.050	0.662	1.178	0.638	1.143	1.080	0.999	0.789	0.476	0.760	1.079	0.893	0.992	0.555	1.138	0.676	1.109	1.186	1.022	0.631	0.472	0.738	1.080	0.769	1.006	0.543	1.156	0.554	1.077	1.196	0.978	0.575	0.464	0.759	1.010	0.856	0.940	0.539	1.129	0.626	1.090	1.173	0.993	0.590	0.616	0.771	1.037	0.827	1.023	0.560	1.172	0.762	1.109	1.151	0.997	0.731	0.474	0.708	1.114	0.749	1.001	0.657	1.147	0.705	1.193	1.130	0.945												
26:00:01													0.635	0.491	0.662	1.113	0.626	1.061	0.670	1.185	0.644	1.140	1.093	1.005	0.795	0.477	0.759	1.086	0.894	1.005	0.566	1.155	0.683	1.125	1.192	1.026	0.638	0.473	0.739	1.087	0.777	1.018	0.548	1.162	0.561	1.087	1.198	0.982	0.581	0.466	0.759	1.012	0.857	0.952	0.541	1.139	0.632	1.099	1.172	1.001	0.594	0.618	0.773	1.042	0.831	1.033	0.561	1.175	0.776	1.130	1.155	1.003	0.738	0.476	0.708	1.119	0.751	1.015	0.673	1.161	0.712	1.208	1.136	0.940												
26:20:01													0.638	0.493	0.673	1.120	0.692	1.080	0.678	1.195	0.650	1.148	1.101	0.997	0.801	0.479	0.762	1.097	0.895	1.016	0.570	1.163	0.685	1.140	1.193	1.031	0.650	0.475	0.748	1.095	0.786	1.031	0.553	1.167	0.565	1.094	1.196	0.991	0.589	0.466	0.761	1.026	0.856	0.962	0.550	1.148	0.640	1.109	1.175	1.008	0.604	0.620	0.776	1.058	0.836	1.042	0.575	1.185	0.803	1.142	1.151	1.008	0.744	0.477	0.703	1.124	0.755	1.032	0.684	1.174	0.718	1.220	1.140	0.938												
26:40:01													0.641	0.496	0.678	1.130	0.746	1.071	0.682	1.210	0.656	1.163	1.108	0.990	0.812	0.481	0.772	1.107	0.895	1.024	0.577	1.157	0.689	1.143	1.198	1.030	0.660	0.476	0.751	1.100	0.793	1.044	0.557	1.179	0.571	1.103	1.201	0.994	0.596	0.468	0.760	1.036	0.854	0.969	0.556	1.161	0.645	1.119	1.175	1.013	0.611	0.619	0.779	1.061	0.837	1.050	0.585	1.192	0.810	1.150	1.159	1.008	0.748	0.479	0.704	1.129	0.756	1.047	0.682	1.167	0.720	1.227	1.139	0.936												
27:00:01													0.646	0.497	0.680	1.136	0.766	1.077	0.684	1.212	0.666	1.183	1.118	0.967	0.814	0.483	0.775	1.109	0.895	1.031	0.583	1.187	0.693	1.155	1.202	1.030	0.670	0.478	0.758	1.109	0.799	1.048	0.562	1.186	0.577	1.113	1.203	0.998	0.605	0.469	0.759	1.052	0.854	0.978	0.562	1.163	0.650	1.129	1.176	1.018	0.620	0.620	0.780	1.066	0.837	1.060	0.597	1.198	0.832	1.154	1.164	1.010	0.750	0.480	0.704	1.137	0.757	1.060	0.667	1.175	0.721	1.232	1.138	0.935												
27:20:01													0.658	0.499	0.681	1.140	0.777	1.083	0.683	1.219	0.683	1.201	1.123	0.944	0.821	0.485	0.779	1.108	0.895	1.040	0.589	1.172	0.696	1.163	1.205	1.030	0.679	0.479	0.765	1.116	0.804	1.058	0.567	1.194	0.583	1.122	1.204	1.004	0.613	0.469	0.759	1.057	0.853	0.983	0.568	1.165	0.654	1.137	1.175	1.022	0.629	0.624	0.780	1.075	0.837	1.069	0.620	1.189	0.840	1.155	1.168	1.012	0.754	0.480	0.702	1.147	0.757	1.067	0.659	1.176	0.719	1.236	1.139	0.933												
27:40:01													0.669	0.500	0.681	1.152	0.780	1.098	0.683	1.216	0.693	1.222	1.129	0.939	0.826	0.487	0.782	1.111	0.894	1.047	0.597	1.187	0.700	1.175	1.206	1.031	0.690	0.481	0.770	1.119	0.807	1.063	0.572	1.204	0.590	1.129	1.205	1.006	0.621	0.471	0.757	1.067	0.852	0.988	0.575	1.176	0.657	1.147	1.175	1.028	0.647	0.631	0.778	1.082	0.837	1.076	0.649	1.198	0.847	1.160	1.171	1.014	0.757	0.481	0.702	1.153	0.754	1.078	0.651	1.181	0.716	1.239	1.137	0.933												
28:00:01													0.677	0.500	0.681	1.160	0.780	1.091	0.681	1.224	0.701	1.234	1.134	0.945	0.834	0.487	0.786	1.114	0.894	1.054	0.604	1.187	0.705	1.200	1.206	1.028	0.700	0.483	0.779	1.121	0.809	1.073	0.579	1.213	0.596	1.136	1.211	1.010	0.629	0.472	0.757	1.075	0.851	0.994	0.582	1.177	0.660	1.159	1.179	1.032	0.672	0.634	0.777	1.086	0.836	1.086	0.672	1.206	0.842	1.162	1.175	1.013	0.755	0.483	0.701	1.158	0.752	1.084	0.646	1.184	0.713	1.240	1.137	0.931												
28:20:01													0.683	0.501	0.682	1.163	0.774	1.087	0.680	1.223	0.707	1.243	1.137	0.950	0.842	0.488	0.788	1.130	0.893	1.056	0.613	1.183	0.709	1.210	1.209	1.029	0.710	0.485	0.786	1.125	0.810	1.077	0.590	1.219	0.603	1.143	1.214	1.013	0.637	0.473	0.756	1.077	0.851	1.000	0.588	1.190	0.663	1.171	1.183	1.032	0.694	0.634	0.775	1.095	0.833	1.091	0.683	1.197	0.837	1.171	1.180	1.012	0.746	0.483	0.701	1.166	0.752	1.089	0.642	1.184	0.709	1.241	1.140	0.929												
28:40:01													0.690	0.502	0.682	1.170	0.761	1.093	0.679	1.226	0.713	1.252	1.141	0.956	0.851	0.488	0.790	1.130	0.892	1.065	0.623	1.192	0.714	1.226	1.208	1.027	0.719	0.486	0.791	1.130	0.811	1.083	0.599	1.213	0.608	1.145	1.218	1.016	0.646	0.475	0.754	1.081	0.850	1.002	0.595	1.193	0.665	1.178	1.186	1.034	0.710	0.634	0.774	1.106	0.831	1.099	0.689	1.202	0.831	1.176	1.182	1.011	0.733	0.484	0.704	1.165	0.752	1.097	0.639	1.186	0.705	1.241	1.137	0.926												
29:00:01													0.695	0.504	0.682	1.175	0.753	1.094	0.677	1.230	0.717	1.259	1.146	0.962	0.863	0.489	0.793	1.137	0.892	1.071	0.634	1.206	0.722	1.218	1.211	1.038	0.726	0.488	0.796	1.133	0.812	1.089	0.608	1.218	0.614	1.157	1.220	1.020	0.653	0.476	0.755	1.092	0.850	1.010	0.602	1.208	0.668	1.186	1.189	1.035	0.723	0.642	0.773	1.109	0.828	1.108	0.691	1.206	0.829	1.183	1.184	1.016	0.725	0.485	0.712	1.185	0.752	1.101	0.639	1.188	0.703	1.245	1.133	0.924												
29:20:01													0.703	0.506	0.681	1.183	0.753	1.087	0.676	1.230	0.718	1.263	1.149	0.967	0.873	0.490	0.795	1.142	0.891	1.073	0.646	1.207	0.730	1.220	1.223	1.046	0.735	0.490	0.798	1.141	0.812	1.093	0.617	1.226	0.620	1.166	1.221	1.020	0.660	0.478	0.754	1.094	0.850	1.016	0.609	1.212	0.670	1.194	1.190	1.037	0.732	0.679	0.772	1.117	0.826	1.117	0.691	1.213	0.832	1.186	1.184	1.013	0.733	0.485	0.717	1.190	0.752	1.103	0.638	1.186	0.697	1.243	1.126	0.919												
29:40:01													0.704	0.509	0.679	1.185	0.751	1.093	0.674	1.235	0.720	1.269	1.153	0.972	0.876	0.490	0.796	1.145	0.890	1.075	0.660	1.227	0.735	1.228	1.231	1.056	0.740	0.490	0.800	1.145	0.811	1.096	0.626	1.234	0.627	1.170	1.223	1.023	0.669	0.479	0.754	1.099	0.852	1.020	0.618	1.214	0.672	1.202	1.193	1.044	0.740	0.679	0.770	1.113	0.824	1.125	0.689	1.225	0.836	1.188	1.186	1.010	0.748	0.486	0.722	1.191	0.754	1.104	0.640	1.187	0.695	1.248	1.122	0.919												
30:00:01													0.718	0.510	0.680	1.195	0.757	1.096	0.673	1.236	0.719	1.271	1.154	0.972	0.880	0.491	0.798	1.150	0.889	1.078	0.669	1.232	0.736	1.236	1.237	1.065	0.749	0.493	0.803	1.151	0.812	1.106	0.631	1.233	0.631	1.176	1.222	1.028	0.681	0.481	0.755	1.102	0.851	1.026	0.635	1.210	0.676	1.215	1.193	1.048	0.748	0.666	0.771	1.115	0.823	1.133	0.688	1.233	0.840	1.192	1.186	1.009	0.756	0.489	0.719	1.192	0.754	1.107	0.639	1.182	0.685	1.243	1.116	0.918												
30:20:01													0.725	0.509	0.680	1.203	0.758	1.095	0.671	1.240	0.718	1.277	1.147	0.970	0.881	0.492	0.799	1.153	0.888	1.081	0.677	1.240	0.738	1.247	1.250	1.076	0.756	0.494	0.804	1.155	0.811	1.111	0.633	1.240	0.636	1.188	1.226	1.024	0.698	0.482	0.755	1.110	0.852	1.031	0.647	1.216	0.678	1.223	1.193	1.045	0.750	0.670	0.769	1.121	0.821	1.139	0.686	1.248	0.840	1.192	1.184	1.002	0.762	0.492	0.718	1.195	0.755	1.111	0.639	1.166	0.682	1.240	1.109	0.915												
30:40:01													0.733	0.507	0.679	1.212	0.761	1.107	0.669	1.242	0.715	1.276	1.142	0.967	0.881	0.494	0.801	1.159	0.887	1.086	0.682	1.244	0.738	1.249	1.259	1.086	0.763	0.496	0.804	1.159	0.810	1.119	0.634	1.243	0.641	1.196	1.226	1.022	0.716	0.484	0.754	1.116	0.853	1.038	0.657	1.217	0.682	1.226	1.193	1.049	0.753	0.673	0.770	1.126	0.820	1.147	0.684	1.254	0.840	1.196	1.185	1.010	0.770	0.494	0.719	1.190	0.755	1.109	0.640	1.153	0.684	1.236	1.107	0.911												
31:00:01													0.732	0.505	0.677	1.220	0.761	1.103	0.666	1.245	0.713	1.281	1.142	0.967	0.881	0.496	0.800	1.171	0.886	1.092	0.685	1.245	0.738	1.254	1.266	1.092	0.776	0.496	0.803	1.168	0.808	1.123	0.633	1.247	0.647	1.205	1.225	1.015	0.731	0.486	0.754	1.118	0.855	1.044	0.661	1.209	0.685	1.235	1.191	1.046	0.753	0.683	0.767	1.132	0.819	1.152	0.682	1.260	0.841	1.198	1.185	1.016	0.778	0.493	0.722	1.196	0.755	1.111	0.644	1.132	0.669	1.239	1.104	0.912												
31:20:01													0.746	0.503	0.679	1.233	0.765	1.103	0.665	1.246	0.711	1.283	1.138	0.966	0.881	0.500	0.802	1.177	0.885	1.097	0.684	1.251	0.736	1.268	1.267	1.102	0.797	0.499	0.804	1.172	0.808	1.126	0.633	1.252	0.651	1.212	1.229	1.011	0.746	0.486	0.755	1.121	0.856	1.050	0.665	1.216	0.688	1.243	1.192	1.046	0.754	0.696	0.768	1.142	0.819	1.161	0.681	1.267	0.843	1.201	1.187	1.022	0.784	0.492	0.722	1.194	0.755	1.111	0.643	1.093	0.652	1.214	1.099	0.910												
31:40:01													0.752	0.501	0.678	1.243	0.768	1.107	0.663	1.250	0.707	1.286	1.135	0.964	0.881	0.503	0.802	1.178	0.883	1.102	0.682	1.257	0.734	1.283	1.268	1.101	0.813	0.500	0.804	1.181	0.807	1.132	0.633	1.259	0.655	1.217	1.227	1.016	0.756	0.487	0.754	1.123	0.857	1.060	0.664	1.218	0.691	1.248	1.196	1.041	0.754	0.709	0.767	1.147	0.819	1.167	0.680	1.273	0.841	1.203	1.185	1.032	0.790	0.490	0.724	1.190	0.755	1.110	0.644	1.071	0.642	1.216	1.101	0.908												
32:00:01													0.757	0.499	0.678	1.249	0.771	1.107	0.662	1.250	0.705	1.284	1.132	0.962	0.880	0.505	0.801	1.181	0.882	1.116	0.680	1.263	0.733	1.295	1.266	1.095	0.824	0.502	0.804	1.186	0.806	1.139	0.634	1.264	0.660	1.227	1.228	1.022	0.763	0.488	0.755	1.128	0.859	1.067	0.663	1.221	0.693	1.251	1.197	1.042	0.753	0.718	0.767	1.156	0.819	1.173	0.678	1.282	0.837	1.205	1.183	1.048	0.794	0.489	0.725	1.191	0.755	1.106	0.646	1.084	0.635	1.141	1.098	0.907												
32:20:01													0.761	0.497	0.677	1.253	0.773	1.112	0.660	1.252	0.702	1.286	1.130	0.961	0.879	0.507	0.803	1.184	0.881	1.119	0.678	1.265	0.731	1.305	1.262	1.082	0.830	0.503	0.805	1.189	0.805	1.149	0.635	1.271	0.665	1.229	1.224	1.018	0.771	0.490	0.755	1.133	0.861	1.072	0.661	1.229	0.694	1.255	1.204	1.044	0.751	0.723	0.767	1.162	0.818	1.176	0.676	1.290	0.839	1.208	1.179	1.046	0.800	0.486	0.726	1.194	0.754	1.105	0.647	1.097	0.634	1.096	1.103	0.907												
32:40:01													0.765	0.496	0.677	1.254	0.774	1.111	0.659	1.253	0.699	1.287	1.130	0.960	0.878	0.509	0.803	1.187	0.880	1.122	0.675	1.277	0.728	1.314	1.260	1.069	0.832	0.506	0.805	1.194	0.804	1.152	0.636	1.274	0.672	1.228	1.222	1.018	0.776	0.491	0.755	1.138	0.863	1.077	0.659	1.245	0.692	1.260	1.207	1.047	0.751	0.736	0.766	1.167	0.818	1.181	0.675	1.298	0.841	1.209	1.176	1.047	0.805	0.484	0.727	1.195	0.755	1.101	0.649	1.111	0.635	1.114	1.106	0.906												
33:00:01													0.770	0.495	0.677	1.255	0.776	1.114	0.658	1.253	0.697	1.284	1.131	0.958	0.879	0.512	0.802	1.188	0.879	1.131	0.674	1.287	0.726	1.319	1.256	1.064	0.834	0.508	0.804	1.194	0.803	1.154	0.636	1.279	0.677	1.229	1.220	1.016	0.783	0.492	0.755	1.141	0.865	1.082	0.657	1.249	0.690	1.264	1.213	1.052	0.751	0.756	0.765	1.175	0.818	1.189	0.674	1.305	0.848	1.210	1.175	1.044	0.811	0.482	0.729	1.197	0.755	1.107	0.651	1.125	0.635	1.130	1.107	0.904												
33:20:02													0.774	0.494	0.676	1.257	0.777	1.113	0.656	1.258	0.695	1.285	1.130	0.955	0.878	0.516	0.803	1.192	0.878	1.140	0.672	1.288	0.724	1.320	1.252	1.067	0.835	0.510	0.804	1.194	0.803	1.158	0.638	1.284	0.684	1.234	1.218	1.016	0.788	0.494	0.755	1.147	0.867	1.085	0.655	1.258	0.689	1.269	1.214	1.060	0.750	0.770	0.765	1.180	0.817	1.193	0.673	1.310	0.849	1.213	1.175	1.046	0.815	0.480	0.731	1.199	0.755	1.110	0.653	1.135	0.637	1.145	1.115	0.908												
33:40:02													0.777	0.493	0.675	1.257	0.778	1.115	0.656	1.258	0.692	1.280	1.129	0.955	0.878	0.520	0.802	1.192	0.877	1.141	0.671	1.287	0.722	1.320	1.249	1.057	0.835	0.513	0.804	1.199	0.802	1.163	0.639	1.294	0.690	1.239	1.216	1.024	0.792	0.496	0.755	1.151	0.868	1.090	0.654	1.262	0.687	1.275	1.215	1.065	0.749	0.782	0.765	1.183	0.817	1.198	0.672	1.314	0.849	1.215	1.174	1.051	0.816	0.478	0.732	1.200	0.755	1.097	0.656	1.149	0.638	1.154	1.121	0.908												
34:00:02													0.781	0.492	0.675	1.257	0.779	1.111	0.655	1.254	0.685	1.281	1.127	0.949	0.879	0.525	0.802	1.192	0.877	1.147	0.669	1.292	0.720	1.319	1.246	1.038	0.835	0.517	0.803	1.201	0.801	1.169	0.641	1.301	0.694	1.248	1.214	1.034	0.795	0.498	0.755	1.156	0.869	1.095	0.652	1.267	0.685	1.280	1.218	1.074	0.748	0.791	0.765	1.191	0.817	1.202	0.673	1.317	0.850	1.215	1.176	1.052	0.819	0.476	0.732	1.202	0.755	1.099	0.658	1.159	0.640	1.165	1.125	0.909												
34:20:02													0.784	0.492	0.675	1.259	0.781	1.113	0.654	1.253	0.675	1.273	1.127	0.950	0.879	0.530	0.803	1.195	0.876	1.151	0.668	1.294	0.719	1.319	1.243	1.034	0.834	0.524	0.803	1.202	0.801	1.176	0.643	1.306	0.698	1.256	1.212	1.042	0.797	0.501	0.756	1.161	0.871	1.100	0.651	1.269	0.684	1.289	1.220	1.081	0.748	0.796	0.764	1.195	0.817	1.204	0.672	1.321	0.853	1.218	1.176	1.053	0.821	0.475	0.734	1.204	0.756	1.099	0.661	1.168	0.643	1.174	1.125	0.907												
34:40:02													0.787	0.492	0.674	1.261	0.781	1.119	0.654	1.256	0.664	1.268	1.126	0.947	0.880	0.535	0.803	1.193	0.876	1.155	0.667	1.299	0.717	1.322	1.241	1.031	0.833	0.533	0.803	1.204	0.800	1.181	0.645	1.310	0.700	1.262	1.212	1.047	0.799	0.503	0.756	1.165	0.871	1.106	0.650	1.272	0.682	1.296	1.221	1.087	0.749	0.796	0.764	1.200	0.816	1.204	0.671	1.324	0.855	1.216	1.175	1.048	0.823	0.473	0.734	1.204	0.754	1.102	0.662	1.180	0.644	1.182	1.119	0.906												
35:00:02													0.790	0.491	0.674	1.262	0.782	1.119	0.653	1.254	0.653	1.263	1.122	0.946	0.881	0.541	0.802	1.197	0.875	1.161	0.666	1.305	0.716	1.321	1.238	1.013	0.832	0.538	0.802	1.208	0.799	1.186	0.646	1.314	0.701	1.272	1.211	1.053	0.800	0.507	0.756	1.171	0.871	1.112	0.649	1.275	0.681	1.304	1.221	1.094	0.749	0.798	0.764	1.203	0.816	1.205	0.670	1.326	0.857	1.217	1.176	1.040	0.825	0.472	0.735	1.205	0.755	1.105	0.665	1.185	0.647	1.188	1.119	0.907												
35:20:02													0.794	0.491	0.674	1.265	0.783	1.123	0.652	1.252	0.649	1.264	1.120	0.933	0.881	0.547	0.802	1.197	0.875	1.164	0.664	1.307	0.715	1.322	1.236	0.990	0.830	0.544	0.802	1.208	0.798	1.191	0.647	1.319	0.701	1.278	1.210	1.051	0.799	0.512	0.755	1.175	0.870	1.114	0.648	1.277	0.680	1.309	1.221	1.091	0.748	0.797	0.763	1.206	0.815	1.204	0.668	1.327	0.858	1.220	1.174	1.039	0.826	0.471	0.735	1.206	0.755	1.059	0.667	1.189	0.649	1.191	1.122	0.907												
35:40:02													0.796	0.491	0.673	1.267	0.784	1.116	0.651	1.255	0.647	1.273	1.119	0.937	0.881	0.551	0.803	1.199	0.874	1.168	0.663	1.309	0.714	1.323	1.234	0.993	0.829	0.548	0.802	1.208	0.797	1.197	0.647	1.324	0.699	1.285	1.208	1.045	0.800	0.521	0.755	1.179	0.870	1.117	0.648	1.280	0.679	1.315	1.221	1.075	0.748	0.798	0.764	1.213	0.815	1.205	0.667	1.330	0.859	1.221	1.173	1.028	0.826	0.471	0.735	1.205	0.755	0.980	0.669	1.192	0.652	1.190	1.122	0.912												
36:00:02													0.800	0.491	0.673	1.270	0.784	1.115	0.650	1.258	0.648	1.274	1.118	0.927	0.882	0.557	0.802	1.200	0.873	1.174	0.662	1.314	0.713	1.323	1.232	1.007	0.828	0.553	0.802	1.210	0.796	1.201	0.647	1.325	0.698	1.291	1.207	1.030	0.799	0.527	0.755	1.183	0.870	1.120	0.647	1.284	0.679	1.321	1.221	1.047	0.748	0.798	0.763	1.219	0.815	1.205	0.666	1.332	0.862	1.221	1.170	1.026	0.828	0.469	0.737	1.207	0.756	0.928	0.672	1.194	0.654	1.186	1.120	0.912												
36:20:02													0.802	0.491	0.671	1.274	0.784	1.116	0.649	1.255	0.647	1.284	1.113	0.925	0.881	0.560	0.802	1.201	0.873	1.174	0.661	1.313	0.712	1.324	1.231	0.999	0.827	0.559	0.801	1.210	0.796	1.206	0.647	1.329	0.696	1.296	1.205	1.019	0.799	0.533	0.756	1.188	0.869	1.123	0.646	1.290	0.678	1.325	1.222	1.024	0.747	0.799	0.763	1.223	0.815	1.204	0.665	1.331	0.866	1.219	1.169	1.027	0.830	0.469	0.736	1.208	0.756	0.925	0.674	1.196	0.657	1.184	1.118	0.910												
36:40:02													0.804	0.491	0.672	1.276	0.784	1.120	0.648	1.253	0.648	1.292	1.115	0.924	0.882	0.564	0.802	1.203	0.872	1.177	0.661	1.317	0.711	1.325	1.230	0.998	0.826	0.564	0.801	1.213	0.795	1.210	0.646	1.332	0.693	1.302	1.206	1.003	0.799	0.538	0.756	1.193	0.869	1.128	0.645	1.294	0.678	1.329	1.221	1.006	0.747	0.800	0.763	1.228	0.815	1.206	0.664	1.333	0.869	1.223	1.168	1.028	0.831	0.468	0.737	1.208	0.757	0.935	0.676	1.196	0.659	1.182	1.116	0.913												
37:00:02													0.805	0.491	0.672	1.276	0.784	1.117	0.646	1.251	0.650	1.292	1.111	0.920	0.882	0.567	0.801	1.206	0.872	1.176	0.660	1.316	0.711	1.326	1.230	1.008	0.825	0.570	0.801	1.214	0.794	1.213	0.646	1.335	0.691	1.307	1.204	0.996	0.798	0.542	0.756	1.196	0.867	1.132	0.644	1.298	0.678	1.332	1.222	0.992	0.746	0.802	0.763	1.231	0.815	1.206	0.663	1.333	0.871	1.222	1.166	1.028	0.832	0.467	0.737	1.209	0.757	0.946	0.678	1.192	0.662	1.176	1.112	0.910												
37:20:02													0.807	0.492	0.671	1.280	0.784	1.117	0.644	1.250	0.652	1.264	1.108	0.923	0.883	0.571	0.802	1.208	0.871	1.181	0.660	1.319	0.710	1.326	1.228	1.003	0.825	0.577	0.801	1.217	0.794	1.216	0.646	1.337	0.689	1.312	1.203	0.997	0.797	0.547	0.756	1.200	0.867	1.136	0.643	1.304	0.679	1.335	1.221	0.990	0.746	0.808	0.763	1.235	0.815	1.206	0.662	1.335	0.873	1.221	1.165	1.027	0.832	0.467	0.737	1.210	0.758	0.957	0.682	1.189	0.665	1.175	1.105	0.917												
37:40:02													0.805	0.490	0.670	1.279	0.781	1.117	0.642	1.250	0.656	1.151	1.105	0.918	0.882	0.570	0.802	1.211	0.871	1.181	0.660	1.322	0.710	1.325	1.228	0.964	0.822	0.580	0.800	1.218	0.793	1.219	0.645	1.340	0.687	1.316	1.201	1.009	0.797	0.553	0.755	1.204	0.867	1.138	0.643	1.309	0.679	1.337	1.218	1.001	0.745	0.813	0.762	1.236	0.815	1.205	0.662	1.336	0.873	1.221	1.164	1.021	0.834	0.467	0.740	1.210	0.761	0.969	0.690	1.186	0.670	1.175	1.108	0.913												
38:00:02													0.811	0.493	0.672	1.280	0.782	1.124	0.640	1.251	0.656	1.113	1.101	0.915	0.883	0.576	0.801	1.214	0.871	1.184	0.659	1.322	0.709	1.325	1.227	0.948	0.824	0.588	0.801	1.220	0.793	1.223	0.646	1.341	0.685	1.320	1.202	1.011	0.798	0.558	0.756	1.209	0.866	1.141	0.642	1.311	0.679	1.340	1.217	1.000	0.746	0.820	0.763	1.239	0.816	1.206	0.661	1.336	0.874	1.216	1.163	1.015	0.834	0.466	0.738	1.212	0.759	0.978	0.687	1.183	0.670	1.174	1.101	0.903												
38:20:02													0.811	0.493	0.671	1.282	0.781	1.128	0.638	1.254	0.658	1.109	1.101	0.914	0.884	0.578	0.801	1.215	0.871	1.185	0.658	1.323	0.709	1.324	1.225	0.953	0.823	0.594	0.802	1.220	0.792	1.225	0.646	1.341	0.684	1.323	1.200	1.013	0.798	0.564	0.756	1.212	0.866	1.143	0.641	1.313	0.680	1.340	1.214	0.997	0.745	0.829	0.762	1.241	0.815	1.206	0.660	1.337	0.875	1.216	1.165	1.014	0.834	0.466	0.738	1.212	0.760	0.988	0.688	1.179	0.672	1.174	1.087	0.898												
38:40:02													0.812	0.494	0.671	1.283	0.781	1.131	0.635	1.258	0.659	1.118	1.097	0.911	0.883	0.579	0.801	1.217	0.871	1.187	0.658	1.325	0.708	1.317	1.224	0.970	0.822	0.598	0.802	1.222	0.792	1.227	0.645	1.343	0.683	1.325	1.199	1.011	0.799	0.570	0.757	1.216	0.865	1.144	0.640	1.315	0.680	1.341	1.212	0.983	0.745	0.832	0.762	1.242	0.816	1.206	0.660	1.336	0.875	1.216	1.166	1.012	0.834	0.465	0.739	1.212	0.761	0.997	0.689	1.176	0.674	1.173	1.078	0.891												
39:00:02													0.809	0.492	0.669	1.283	0.779	1.132	0.631	1.261	0.663	1.130	1.097	0.913	0.883	0.579	0.800	1.218	0.871	1.188	0.659	1.327	0.709	1.322	1.225	0.981	0.819	0.600	0.801	1.224	0.790	1.227	0.645	1.345	0.683	1.328	1.198	1.008	0.796	0.574	0.755	1.219	0.865	1.143	0.639	1.317	0.681	1.340	1.208	0.976	0.744	0.831	0.762	1.242	0.815	1.205	0.660	1.335	0.875	1.219	1.164	1.010	0.837	0.466	0.741	1.213	0.762	1.005	0.696	1.173	0.679	1.172	1.083	0.890												
39:20:02													0.814	0.495	0.671	1.284	0.779	1.137	0.627	1.264	0.663	1.142	1.093	0.912	0.884	0.582	0.800	1.220	0.871	1.189	0.657	1.327	0.707	1.318	1.224	0.995	0.821	0.605	0.800	1.224	0.790	1.229	0.645	1.344	0.682	1.330	1.197	1.007	0.798	0.580	0.757	1.223	0.864	1.143	0.639	1.319	0.681	1.340	1.205	0.964	0.745	0.836	0.762	1.245	0.816	1.205	0.659	1.337	0.875	1.220	1.164	1.009	0.834	0.465	0.740	1.211	0.761	1.009	0.691	1.169	0.679	1.177	1.060	0.886												
39:40:02													0.814	0.496	0.671	1.283	0.779	1.141	0.625	1.268	0.664	1.154	1.090	0.910	0.884	0.582	0.800	1.221	0.870	1.190	0.657	1.327	0.707	1.319	1.224	1.003	0.820	0.608	0.801	1.224	0.790	1.230	0.645	1.346	0.681	1.331	1.198	1.009	0.797	0.586	0.758	1.226	0.863	1.144	0.639	1.321	0.682	1.340	1.203	0.976	0.745	0.835	0.762	1.247	0.816	1.203	0.659	1.336	0.875	1.223	1.166	1.006	0.835	0.465	0.740	1.211	0.762	1.015	0.693	1.167	0.681	1.172	1.065	0.889												
40:00:02													0.815	0.497	0.671	1.282	0.778	1.142	0.624	1.271	0.665	1.163	1.089	0.907	0.884	0.582	0.799	1.222	0.871	1.191	0.657	1.330	0.706	1.316	1.225	1.006	0.819	0.610	0.801	1.224	0.790	1.232	0.644	1.347	0.681	1.332	1.196	1.012	0.798	0.589	0.758	1.230	0.862	1.144	0.638	1.319	0.683	1.340	1.201	0.985	0.744	0.842	0.762	1.247	0.816	1.202	0.659	1.335	0.875	1.224	1.167	1.001	0.836	0.465	0.739	1.211	0.762	1.021	0.694	1.164	0.683	1.166	1.067	0.905												
40:20:02													0.815	0.497	0.670	1.282	0.776	1.144	0.624	1.275	0.667	1.173	1.087	0.906	0.883	0.583	0.801	1.223	0.871	1.191	0.657	1.330	0.706	1.314	1.224	1.006	0.819	0.613	0.801	1.225	0.790	1.232	0.644	1.346	0.680	1.333	1.195	1.011	0.798	0.594	0.758	1.232	0.862	1.144	0.637	1.320	0.684	1.339	1.199	0.986	0.745	0.840	0.762	1.248	0.815	1.201	0.659	1.335	0.875	1.226	1.167	0.982	0.835	0.466	0.740	1.218	0.763	1.025	0.695	1.161	0.684	1.187	1.066	0.903												
40:40:02													0.816	0.498	0.670	1.281	0.777	1.145	0.624	1.277	0.669	1.181	1.087	0.905	0.883	0.583	0.800	1.223	0.871	1.192	0.657	1.330	0.706	1.310	1.224	1.006	0.818	0.613	0.801	1.225	0.789	1.231	0.644	1.346	0.681	1.331	1.193	1.007	0.798	0.596	0.758	1.234	0.861	1.144	0.638	1.322	0.684	1.338	1.198	0.987	0.744	0.840	0.761	1.249	0.816	1.200	0.658	1.334	0.875	1.231	1.166	0.957	0.836	0.467	0.740	1.224	0.764	1.030	0.696	1.159	0.686	1.166	1.065	0.931												
41:00:02													0.813	0.496	0.668	1.282	0.775	1.141	0.624	1.279	0.672	1.190	1.092	0.904	0.882	0.582	0.799	1.223	0.870	1.191	0.657	1.330	0.706	1.308	1.225	1.005	0.816	0.612	0.800	1.224	0.788	1.230	0.644	1.348	0.681	1.331	1.192	1.005	0.797	0.599	0.757	1.236	0.861	1.144	0.637	1.325	0.684	1.337	1.196	0.994	0.743	0.844	0.759	1.249	0.815	1.198	0.658	1.332	0.876	1.230	1.166	0.942	0.836	0.467	0.741	1.224	0.766	1.036	0.702	1.159	0.690	1.171	1.085	0.930												
41:20:02													0.813	0.495	0.668	1.280	0.774	1.137	0.625	1.280	0.674	1.196	1.085	0.902	0.881	0.582	0.801	1.223	0.870	1.191	0.657	1.332	0.706	1.301	1.225	1.004	0.816	0.614	0.800	1.225	0.788	1.229	0.644	1.348	0.681	1.330	1.191	1.006	0.797	0.602	0.757	1.237	0.861	1.146	0.637	1.324	0.685	1.335	1.192	0.988	0.743	0.855	0.759	1.249	0.815	1.198	0.658	1.330	0.876	1.234	1.169	0.934	0.836	0.468	0.742	1.228	0.766	1.041	0.703	1.157	0.691	1.168	1.075	0.917												
41:40:02													0.814	0.495	0.668	1.278	0.773	1.134	0.626	1.279	0.675	1.202	1.087	0.899	0.881	0.582	0.801	1.222	0.870	1.191	0.657	1.329	0.706	1.298	1.224	1.005	0.815	0.614	0.801	1.225	0.787	1.227	0.643	1.350	0.680	1.329	1.190	1.006	0.797	0.604	0.757	1.238	0.860	1.145	0.636	1.323	0.685	1.335	1.190	0.983	0.743	0.855	0.759	1.248	0.815	1.197	0.659	1.331	0.877	1.236	1.173	0.934	0.836	0.468	0.742	1.230	0.767	1.043	0.703	1.156	0.692	1.163	1.072	0.907												
42:00:02													0.818	0.498	0.670	1.281	0.774	1.133	0.626	1.278	0.674	1.207	1.083	0.898	0.881	0.584	0.801	1.224	0.870	1.190	0.656	1.329	0.704	1.287	1.222	1.002	0.816	0.617	0.802	1.225	0.788	1.227	0.644	1.350	0.680	1.328	1.191	1.005	0.797	0.605	0.758	1.239	0.860	1.144	0.636	1.323	0.685	1.333	1.191	0.976	0.743	0.855	0.759	1.250	0.816	1.194	0.658	1.329	0.877	1.231	1.175	0.938	0.834	0.468	0.740	1.234	0.766	1.045	0.698	1.153	0.689	1.166	1.065	0.918												
42:20:02													0.818	0.498	0.670	1.278	0.774	1.128	0.627	1.276	0.675	1.212	1.083	0.895	0.881	0.584	0.802	1.222	0.870	1.190	0.655	1.327	0.704	1.283	1.220	0.999	0.815	0.617	0.801	1.224	0.787	1.226	0.643	1.348	0.680	1.327	1.189	1.002	0.798	0.606	0.759	1.239	0.859	1.143	0.636	1.325	0.686	1.331	1.191	0.975	0.744	0.852	0.759	1.249	0.816	1.192	0.658	1.325	0.877	1.227	1.173	0.944	0.835	0.468	0.740	1.234	0.766	1.048	0.699	1.152	0.690	1.168	1.018	0.922												
42:40:02													0.815	0.495	0.668	1.277	0.772	1.119	0.629	1.271	0.679	1.218	1.080	0.894	0.880	0.582	0.801	1.221	0.870	1.189	0.656	1.328	0.704	1.282	1.218	0.997	0.813	0.615	0.801	1.224	0.786	1.224	0.643	1.349	0.680	1.325	1.188	1.002	0.796	0.606	0.757	1.239	0.859	1.142	0.635	1.324	0.686	1.328	1.191	0.980	0.742	0.848	0.758	1.248	0.814	1.190	0.658	1.322	0.878	1.225	1.173	0.949	0.836	0.468	0.742	1.231	0.768	1.051	0.705	1.153	0.693	1.173	1.003	0.913												
43:00:02													0.814	0.494	0.668	1.278	0.772	1.114	0.630	1.266	0.680	1.223	1.077	0.893	0.881	0.582	0.800	1.220	0.870	1.189	0.656	1.326	0.704	1.278	1.218	0.995	0.813	0.615	0.801	1.224	0.786	1.222	0.642	1.348	0.681	1.324	1.188	1.000	0.796	0.607	0.758	1.239	0.859	1.142	0.635	1.323	0.686	1.327	1.189	0.981	0.741	0.848	0.758	1.248	0.814	1.188	0.658	1.319	0.879	1.226	1.175	0.951	0.836	0.469	0.742	1.232	0.769	1.054	0.706	1.154	0.692	1.208	0.983	0.909												
43:20:02													0.814	0.493	0.668	1.281	0.772	1.108	0.630	1.260	0.681	1.229	1.076	0.892	0.881	0.582	0.802	1.221	0.870	1.188	0.656	1.324	0.704	1.274	1.216	0.994	0.812	0.615	0.801	1.224	0.786	1.221	0.642	1.348	0.681	1.322	1.185	1.000	0.795	0.608	0.758	1.238	0.858	1.141	0.635	1.325	0.686	1.325	1.187	0.979	0.742	0.848	0.758	1.248	0.815	1.186	0.659	1.319	0.880	1.228	1.173	0.951	0.834	0.469	0.742	1.233	0.769	1.056	0.707	1.153	0.692	1.175	0.974	0.904												
43:40:02													0.815	0.493	0.668	1.285	0.773	1.101	0.632	1.251	0.682	1.232	1.074	0.888	0.880	0.581	0.801	1.220	0.869	1.187	0.656	1.321	0.704	1.271	1.214	0.992	0.813	0.614	0.800	1.224	0.786	1.218	0.642	1.347	0.681	1.320	1.185	1.000	0.797	0.608	0.758	1.239	0.858	1.140	0.635	1.324	0.686	1.323	1.184	0.976	0.742	0.848	0.758	1.248	0.815	1.184	0.659	1.321	0.880	1.225	1.173	0.956	0.834	0.469	0.742	1.232	0.770	1.058	0.709	1.152	0.692	1.175	0.974	0.889												
44:00:02													0.815	0.492	0.668	1.289	0.773	1.092	0.633	1.238	0.683	1.232	1.073	0.884	0.879	0.581	0.801	1.220	0.870	1.185	0.655	1.318	0.703	1.266	1.213	0.990	0.813	0.615	0.801	1.222	0.785	1.217	0.642	1.347	0.681	1.318	1.183	1.000	0.797	0.608	0.757	1.238	0.857	1.139	0.634	1.323	0.686	1.320	1.184	0.972	0.742	0.847	0.758	1.247	0.814	1.181	0.659	1.323	0.880	1.226	1.172	0.960	0.835	0.470	0.742	1.232	0.770	1.058	0.708	1.151	0.691	1.170	0.964	0.889												
44:20:02													0.815	0.492	0.669	1.292	0.772	1.087	0.634	1.225	0.684	1.240	1.073	0.883	0.879	0.581	0.802	1.219	0.869	1.185	0.655	1.316	0.702	1.264	1.211	0.987	0.814	0.614	0.801	1.222	0.785	1.215	0.641	1.346	0.681	1.317	1.182	1.001	0.797	0.609	0.758	1.239	0.857	1.138	0.634	1.323	0.686	1.318	1.183	0.966	0.742	0.848	0.758	1.246	0.814	1.179	0.659	1.327	0.881	1.227	1.171	0.962	0.834	0.471	0.742	1.232	0.770	1.059	0.709	1.150	0.690	1.175	0.964	0.893												
44:40:02													0.816	0.491	0.668	1.294	0.773	1.080	0.635	1.213	0.685	1.244	1.072	0.878	0.879	0.581	0.802	1.220	0.869	1.184	0.654	1.314	0.702	1.263	1.211	0.984	0.814	0.614	0.801	1.221	0.785	1.213	0.641	1.343	0.681	1.314	1.183	1.001	0.797	0.609	0.758	1.238	0.857	1.137	0.634	1.323	0.686	1.315	1.183	0.963	0.742	0.850	0.758	1.246	0.814	1.177	0.659	1.330	0.881	1.226	1.169	0.960	0.834	0.472	0.742	1.233	0.770	1.058	0.709	1.149	0.690	1.172	0.956	0.898												
45:00:02													0.817	0.491	0.669	1.296	0.773	1.076	0.636	1.209	0.686	1.221	1.072	0.877	0.879	0.581	0.802	1.218	0.869	1.182	0.654	1.313	0.702	1.262	1.211	0.982	0.814	0.615	0.801	1.220	0.785	1.211	0.641	1.342	0.682	1.311	1.182	1.000	0.796	0.608	0.758	1.238	0.856	1.135	0.633	1.323	0.686	1.313	1.183	0.966	0.744	0.850	0.758	1.245	0.815	1.175	0.659	1.333	0.881	1.231	1.170	0.958	0.834	0.473	0.742	1.232	0.771	1.057	0.709	1.149	0.689	1.180	0.939	0.900												
45:20:02													0.816	0.491	0.669	1.297	0.772	1.074	0.637	1.210	0.687	1.216	1.071	0.877	0.879	0.581	0.802	1.218	0.869	1.182	0.655	1.314	0.702	1.260	1.209	0.980	0.815	0.614	0.801	1.220	0.785	1.210	0.641	1.343	0.682	1.308	1.182	1.000	0.797	0.608	0.758	1.238	0.856	1.134	0.633	1.322	0.686	1.309	1.181	0.969	0.744	0.849	0.758	1.245	0.814	1.172	0.660	1.335	0.880	1.231	1.169	0.958	0.834	0.474	0.742	1.232	0.771	1.056	0.710	1.150	0.689	1.178	0.932	0.904												
45:40:02													0.817	0.490	0.670	1.297	0.772	1.073	0.638	1.206	0.687	1.215	1.070	0.910	0.879	0.581	0.801	1.217	0.869	1.178	0.654	1.313	0.701	1.260	1.208	0.979	0.816	0.614	0.802	1.220	0.784	1.207	0.641	1.341	0.682	1.306	1.181	1.000	0.797	0.608	0.758	1.238	0.855	1.133	0.632	1.321	0.686	1.307	1.182	0.970	0.747	0.850	0.758	1.244	0.814	1.170	0.660	1.338	0.880	1.228	1.169	0.959	0.835	0.475	0.742	1.230	0.772	1.054	0.711	1.150	0.688	1.183	0.918	0.904												
46:00:02													0.818	0.490	0.670	1.298	0.773	1.073	0.638	1.206	0.688	1.212	1.069	0.977	0.878	0.580	0.802	1.217	0.868	1.178	0.654	1.313	0.700	1.261	1.207	0.975	0.817	0.614	0.802	1.218	0.786	1.205	0.640	1.339	0.682	1.302	1.181	0.999	0.797	0.608	0.759	1.238	0.855	1.131	0.632	1.320	0.686	1.303	1.181	0.970	0.748	0.850	0.757	1.243	0.814	1.167	0.660	1.340	0.879	1.225	1.168	0.963	0.834	0.476	0.743	1.229	0.772	1.051	0.711	1.146	0.688	1.183	0.877	0.907												
46:20:02													0.818	0.490	0.671	1.298	0.773	1.072	0.639	1.210	0.690	1.216	1.079	0.957	0.878	0.580	0.802	1.217	0.868	1.175	0.654	1.314	0.700	1.261	1.208	0.973	0.818	0.614	0.802	1.216	0.785	1.203	0.640	1.338	0.682	1.302	1.181	0.999	0.797	0.608	0.758	1.237	0.855	1.129	0.632	1.319	0.686	1.300	1.180	0.971	0.750	0.850	0.758	1.242	0.814	1.164	0.660	1.341	0.879	1.218	1.167	0.967	0.833	0.477	0.743	1.228	0.772	1.050	0.710	1.144	0.688	1.185	0.799	0.907												
46:40:02													0.818	0.490	0.672	1.297	0.772	1.070	0.640	1.215	0.690	1.205	1.085	0.921	0.878	0.580	0.802	1.218	0.868	1.174	0.654	1.315	0.699	1.261	1.208	0.970	0.819	0.613	0.802	1.215	0.785	1.201	0.640	1.337	0.682	1.297	1.181	1.000	0.797	0.608	0.758	1.236	0.854	1.128	0.631	1.317	0.686	1.296	1.180	0.965	0.751	0.850	0.758	1.241	0.814	1.160	0.660	1.341	0.879	1.230	1.167	0.973	0.835	0.478	0.742	1.227	0.772	1.049	0.712	1.150	0.688	1.182	0.785	0.907												
47:00:02													0.818	0.490	0.671	1.297	0.773	1.070	0.641	1.219	0.690	1.202	1.100	0.924	0.877	0.580	0.802	1.219	0.868	1.171	0.653	1.315	0.699	1.260	1.206	0.968	0.820	0.613	0.802	1.214	0.785	1.199	0.640	1.334	0.682	1.295	1.181	0.999	0.797	0.607	0.758	1.236	0.854	1.127	0.631	1.316	0.686	1.293	1.180	0.967	0.752	0.850	0.758	1.240	0.813	1.156	0.660	1.339	0.879	1.233	1.166	0.978	0.834	0.479	0.743	1.226	0.773	1.046	0.712	1.149	0.688	1.179	0.786	0.907												
47:20:02													0.819	0.490	0.671	1.296	0.773	1.070	0.641	1.224	0.690	1.200	1.094	0.891	0.877	0.580	0.802	1.221	0.867	1.169	0.653	1.315	0.698	1.259	1.206	0.966	0.821	0.613	0.803	1.216	0.785	1.197	0.640	1.331	0.682	1.291	1.181	0.999	0.798	0.607	0.758	1.235	0.854	1.125	0.630	1.315	0.686	1.290	1.182	0.969	0.755	0.850	0.758	1.239	0.813	1.152	0.660	1.338	0.877	1.236	1.166	0.977	0.834	0.481	0.743	1.224	0.774	1.045	0.712	1.150	0.687	1.177	0.784	0.907												
47:40:02													0.818	0.490	0.672	1.294	0.773	1.069	0.642	1.229	0.691	1.196	1.076	0.918	0.877	0.580	0.803	1.222	0.867	1.166	0.653	1.315	0.697	1.260	1.205	0.964	0.822	0.612	0.802	1.212	0.785	1.195	0.639	1.329	0.682	1.288	1.180	0.997	0.797	0.607	0.758	1.234	0.853	1.124	0.630	1.313	0.686	1.286	1.183	0.967	0.755	0.850	0.759	1.237	0.812	1.149	0.660	1.337	0.876	1.222	1.164	0.974	0.833	0.482	0.743	1.223	0.773	1.044	0.712	1.149	0.688	1.182	0.786	0.914												
48:00:02													0.818	0.490	0.673	1.292	0.773	1.070	0.642	1.232	0.691	1.193	1.062	0.929	0.877	0.579	0.803	1.224	0.867	1.164	0.652	1.315	0.697	1.260	1.205	0.962	0.822	0.611	0.803	1.211	0.785	1.192	0.639	1.326	0.682	1.284	1.180	0.995	0.797	0.607	0.758	1.233	0.853	1.122	0.629	1.312	0.685	1.282	1.179	0.964	0.756	0.849	0.759	1.236	0.812	1.148	0.659	1.335	0.876	1.216	1.161	0.970	0.833	0.482	0.744	1.222	0.774	1.043	0.713	1.150	0.687	1.178	0.769	0.907												

