Field Group

Plate Comment:	
Procedure Summary
  Plate Type:              Corning 96 well for LogPhase600
  Plate Number:            1
  Discontinuous Kinetics:  Runtime 02:00:00 (D:HH:MM), Interval 00:20:00 (HH:MM:SS), 145 Reads (max)
  Read:                    600 nm
  Incubator:               On
    Temperature setpoint:  30 °C
    Temperature gradient:  On
  Shaking:                 On
     Shaking frequency:    600 RPMs		
			
			

600

Time	A1	A2	A3	A4	A5	A6	A7	A8	A9	A10	A11	A12	B1	B2	B3	B4	B5	B6	B7	B8	B9	B10	B11	B12	C1	C2	C3	C4	C5	C6	C7	C8	C9	C10	C11	C12	D1	D2	D3	D4	D5	D6	D7	D8	D9	D10	D11	D12	E1	E2	E3	E4	E5	E6	E7	E8	E9	E10	E11	E12	F1	F2	F3	F4	F5	F6	F7	F8	F9	F10	F11	F12	G1	G2	G3	G4	G5	G6	G7	G8	G9	G10	G11	G12	H1	H2	H3	H4	H5	H6	H7	H8	H9	H10	H11	H12
0:00:00													0.155	0.154	0.155	0.158	0.171	0.169	0.162	0.155	0.153	0.161	0.157	0.152	0.154	0.155	0.155	0.159	0.162	0.155	0.159	0.154	0.154	0.162	0.161	0.156	0.155	0.161	0.158	0.161	0.161	0.162	0.165	0.160	0.157	0.157	0.163	0.159	0.154	0.162	0.156	0.156	0.157	0.168	0.160	0.156	0.159	0.160	0.161	0.155	0.155	0.173	0.161	0.157	0.162	0.169	0.164	0.167	0.155	0.165	0.164	0.156	0.165	0.165	0.159	0.169	0.157	0.162	0.164	0.157	0.158	0.156	0.164	0.164												
0:20:00													0.154	0.153	0.154	0.157	0.173	0.168	0.160	0.156	0.154	0.161	0.156	0.151	0.153	0.155	0.154	0.159	0.162	0.155	0.159	0.153	0.154	0.161	0.161	0.157	0.154	0.160	0.157	0.160	0.160	0.161	0.163	0.160	0.157	0.156	0.162	0.158	0.154	0.161	0.154	0.156	0.157	0.167	0.159	0.155	0.158	0.160	0.160	0.154	0.154	0.173	0.161	0.156	0.160	0.169	0.163	0.165	0.153	0.165	0.164	0.156	0.160	0.164	0.158	0.168	0.156	0.163	0.163	0.156	0.157	0.155	0.163	0.166												
0:40:00													0.153	0.153	0.154	0.157	0.175	0.167	0.160	0.156	0.154	0.161	0.156	0.152	0.153	0.154	0.154	0.159	0.161	0.154	0.159	0.153	0.153	0.160	0.160	0.157	0.154	0.160	0.157	0.159	0.160	0.161	0.163	0.160	0.156	0.156	0.161	0.157	0.154	0.161	0.153	0.155	0.156	0.167	0.159	0.155	0.158	0.159	0.160	0.154	0.154	0.173	0.160	0.156	0.160	0.169	0.163	0.165	0.152	0.164	0.163	0.155	0.159	0.163	0.157	0.167	0.156	0.161	0.163	0.156	0.157	0.155	0.162	0.166												
1:00:00													0.153	0.153	0.154	0.156	0.177	0.167	0.159	0.155	0.153	0.160	0.156	0.152	0.153	0.154	0.154	0.158	0.161	0.154	0.158	0.153	0.153	0.159	0.160	0.156	0.154	0.159	0.157	0.159	0.159	0.160	0.162	0.159	0.156	0.156	0.161	0.157	0.154	0.160	0.153	0.155	0.155	0.166	0.159	0.155	0.158	0.158	0.159	0.153	0.153	0.172	0.160	0.155	0.159	0.169	0.162	0.165	0.152	0.163	0.163	0.155	0.158	0.163	0.157	0.166	0.156	0.161	0.163	0.155	0.156	0.156	0.161	0.165												
1:20:00													0.153	0.153	0.154	0.156	0.179	0.166	0.159	0.155	0.153	0.160	0.157	0.152	0.153	0.154	0.154	0.158	0.161	0.154	0.158	0.153	0.153	0.160	0.161	0.156	0.154	0.159	0.157	0.159	0.159	0.160	0.162	0.159	0.155	0.155	0.161	0.157	0.154	0.159	0.153	0.155	0.155	0.165	0.159	0.154	0.157	0.157	0.159	0.153	0.153	0.172	0.159	0.155	0.159	0.168	0.161	0.164	0.151	0.163	0.162	0.154	0.157	0.162	0.157	0.166	0.156	0.162	0.163	0.154	0.156	0.157	0.161	0.164												
1:40:00													0.153	0.153	0.154	0.156	0.181	0.166	0.159	0.155	0.153	0.160	0.157	0.152	0.153	0.154	0.154	0.157	0.160	0.154	0.158	0.153	0.153	0.160	0.160	0.156	0.154	0.158	0.157	0.158	0.159	0.159	0.162	0.159	0.155	0.155	0.160	0.157	0.154	0.159	0.153	0.155	0.155	0.165	0.158	0.154	0.157	0.157	0.158	0.153	0.153	0.171	0.159	0.155	0.159	0.168	0.161	0.164	0.151	0.162	0.162	0.158	0.156	0.162	0.157	0.165	0.156	0.162	0.162	0.154	0.156	0.157	0.160	0.164												
2:00:00													0.153	0.153	0.154	0.156	0.183	0.166	0.159	0.155	0.154	0.159	0.157	0.152	0.154	0.154	0.155	0.157	0.160	0.154	0.158	0.153	0.153	0.159	0.160	0.156	0.154	0.158	0.158	0.157	0.159	0.159	0.162	0.158	0.155	0.155	0.160	0.157	0.154	0.159	0.153	0.155	0.155	0.164	0.158	0.153	0.157	0.156	0.158	0.153	0.154	0.171	0.159	0.155	0.159	0.167	0.160	0.163	0.151	0.161	0.162	0.157	0.157	0.162	0.157	0.164	0.156	0.161	0.162	0.154	0.156	0.158	0.160	0.163												
2:20:00													0.154	0.153	0.155	0.156	0.185	0.166	0.158	0.155	0.154	0.159	0.157	0.152	0.154	0.154	0.156	0.156	0.160	0.154	0.158	0.152	0.153	0.159	0.159	0.156	0.154	0.158	0.158	0.157	0.159	0.158	0.161	0.158	0.155	0.155	0.160	0.157	0.154	0.159	0.153	0.155	0.155	0.164	0.158	0.153	0.156	0.156	0.158	0.153	0.154	0.171	0.159	0.154	0.160	0.166	0.160	0.163	0.151	0.161	0.162	0.157	0.158	0.161	0.157	0.163	0.156	0.162	0.162	0.153	0.156	0.159	0.160	0.162												
2:40:00													0.155	0.152	0.156	0.155	0.186	0.165	0.159	0.156	0.155	0.158	0.156	0.152	0.154	0.154	0.157	0.156	0.160	0.154	0.157	0.152	0.153	0.158	0.158	0.156	0.155	0.158	0.159	0.156	0.160	0.158	0.162	0.157	0.155	0.154	0.160	0.156	0.154	0.159	0.155	0.155	0.156	0.164	0.158	0.152	0.155	0.155	0.157	0.152	0.155	0.172	0.160	0.154	0.161	0.165	0.160	0.163	0.152	0.161	0.162	0.156	0.158	0.161	0.159	0.163	0.158	0.162	0.161	0.154	0.155	0.164	0.161	0.163												
3:00:00													0.156	0.152	0.157	0.155	0.188	0.165	0.159	0.156	0.155	0.158	0.156	0.152	0.156	0.154	0.160	0.155	0.160	0.154	0.158	0.152	0.152	0.158	0.158	0.155	0.156	0.158	0.161	0.155	0.161	0.158	0.162	0.157	0.155	0.154	0.160	0.156	0.155	0.159	0.156	0.155	0.158	0.163	0.158	0.152	0.155	0.154	0.157	0.152	0.156	0.172	0.161	0.153	0.162	0.165	0.159	0.163	0.152	0.160	0.161	0.156	0.160	0.161	0.160	0.162	0.160	0.161	0.161	0.153	0.155	0.165	0.161	0.162												
3:20:00													0.158	0.153	0.159	0.155	0.192	0.164	0.159	0.154	0.155	0.158	0.156	0.151	0.159	0.154	0.165	0.155	0.161	0.153	0.158	0.152	0.153	0.158	0.158	0.156	0.158	0.157	0.164	0.155	0.165	0.157	0.161	0.157	0.155	0.154	0.159	0.156	0.158	0.158	0.158	0.155	0.160	0.163	0.158	0.152	0.155	0.155	0.156	0.153	0.159	0.172	0.163	0.154	0.163	0.165	0.159	0.162	0.151	0.160	0.161	0.156	0.162	0.161	0.163	0.162	0.162	0.161	0.161	0.153	0.155	0.161	0.159	0.161												
3:40:00													0.163	0.153	0.163	0.155	0.196	0.164	0.159	0.154	0.155	0.158	0.156	0.151	0.163	0.154	0.172	0.155	0.163	0.153	0.159	0.152	0.153	0.158	0.157	0.155	0.162	0.157	0.168	0.155	0.169	0.157	0.162	0.157	0.155	0.154	0.159	0.156	0.162	0.159	0.162	0.155	0.164	0.162	0.158	0.152	0.155	0.154	0.156	0.152	0.163	0.172	0.167	0.153	0.167	0.165	0.159	0.162	0.151	0.160	0.161	0.155	0.166	0.162	0.167	0.162	0.167	0.161	0.161	0.152	0.156	0.161	0.160	0.161												
4:00:00													0.169	0.153	0.169	0.155	0.201	0.163	0.159	0.154	0.155	0.158	0.156	0.151	0.170	0.154	0.182	0.155	0.165	0.153	0.159	0.152	0.153	0.158	0.158	0.155	0.168	0.158	0.175	0.155	0.176	0.156	0.162	0.157	0.156	0.154	0.159	0.156	0.168	0.159	0.168	0.155	0.171	0.162	0.158	0.152	0.156	0.154	0.156	0.152	0.171	0.173	0.172	0.153	0.171	0.164	0.159	0.161	0.151	0.159	0.161	0.155	0.173	0.162	0.173	0.161	0.174	0.161	0.161	0.152	0.156	0.162	0.159	0.161												
4:20:00													0.179	0.154	0.180	0.155	0.209	0.163	0.160	0.154	0.156	0.158	0.156	0.151	0.180	0.155	0.194	0.155	0.170	0.153	0.160	0.151	0.154	0.157	0.157	0.155	0.178	0.158	0.186	0.154	0.188	0.156	0.162	0.157	0.156	0.154	0.159	0.155	0.177	0.159	0.178	0.155	0.180	0.161	0.159	0.151	0.156	0.154	0.156	0.152	0.180	0.173	0.182	0.153	0.179	0.164	0.160	0.161	0.152	0.159	0.160	0.155	0.183	0.162	0.183	0.161	0.184	0.161	0.162	0.152	0.156	0.163	0.159	0.161												
4:40:00													0.194	0.155	0.194	0.155	0.218	0.163	0.161	0.155	0.157	0.157	0.156	0.151	0.195	0.156	0.208	0.155	0.177	0.153	0.160	0.151	0.154	0.157	0.157	0.155	0.194	0.159	0.201	0.155	0.204	0.156	0.164	0.157	0.157	0.154	0.159	0.155	0.190	0.161	0.192	0.155	0.195	0.161	0.160	0.151	0.157	0.153	0.156	0.152	0.194	0.174	0.197	0.153	0.192	0.162	0.161	0.162	0.154	0.159	0.160	0.155	0.199	0.163	0.198	0.161	0.201	0.160	0.162	0.153	0.156	0.168	0.160	0.161												
5:00:00													0.213	0.156	0.212	0.155	0.237	0.163	0.162	0.154	0.158	0.158	0.156	0.151	0.215	0.157	0.231	0.155	0.189	0.153	0.162	0.152	0.156	0.157	0.157	0.155	0.213	0.160	0.220	0.154	0.228	0.156	0.165	0.157	0.158	0.153	0.159	0.155	0.210	0.162	0.210	0.155	0.216	0.161	0.161	0.152	0.158	0.154	0.156	0.152	0.214	0.175	0.214	0.154	0.208	0.163	0.162	0.162	0.154	0.158	0.160	0.155	0.217	0.164	0.217	0.161	0.221	0.160	0.164	0.153	0.158	0.163	0.159	0.160												
5:20:00													0.241	0.158	0.239	0.156	0.264	0.163	0.164	0.156	0.160	0.157	0.156	0.151	0.242	0.159	0.255	0.155	0.205	0.153	0.163	0.152	0.157	0.157	0.157	0.155	0.241	0.161	0.246	0.154	0.256	0.156	0.167	0.157	0.160	0.153	0.160	0.155	0.237	0.164	0.236	0.156	0.239	0.161	0.162	0.152	0.160	0.153	0.157	0.152	0.242	0.177	0.241	0.153	0.230	0.162	0.163	0.163	0.157	0.158	0.160	0.155	0.246	0.165	0.244	0.161	0.247	0.160	0.165	0.153	0.159	0.170	0.160	0.161												
5:40:00													0.275	0.160	0.269	0.158	0.294	0.163	0.166	0.155	0.162	0.158	0.158	0.151	0.275	0.161	0.287	0.156	0.225	0.153	0.166	0.152	0.160	0.157	0.158	0.156	0.273	0.164	0.277	0.154	0.291	0.156	0.169	0.159	0.164	0.153	0.160	0.156	0.270	0.165	0.263	0.155	0.268	0.161	0.165	0.153	0.162	0.154	0.157	0.152	0.274	0.179	0.268	0.154	0.258	0.162	0.166	0.161	0.159	0.158	0.161	0.155	0.277	0.167	0.274	0.162	0.279	0.162	0.168	0.154	0.162	0.165	0.159	0.160												
6:00:00													0.307	0.163	0.301	0.158	0.326	0.163	0.169	0.155	0.166	0.158	0.157	0.151	0.307	0.163	0.311	0.157	0.254	0.153	0.169	0.153	0.163	0.156	0.159	0.155	0.304	0.166	0.306	0.156	0.320	0.156	0.172	0.159	0.166	0.153	0.159	0.155	0.298	0.168	0.288	0.157	0.296	0.161	0.168	0.153	0.165	0.153	0.158	0.152	0.305	0.182	0.299	0.156	0.280	0.162	0.168	0.164	0.162	0.158	0.161	0.155	0.311	0.170	0.305	0.162	0.309	0.160	0.172	0.154	0.164	0.165	0.161	0.160												
6:20:00													0.345	0.167	0.339	0.159	0.362	0.163	0.173	0.157	0.170	0.157	0.158	0.152	0.345	0.167	0.349	0.159	0.277	0.154	0.172	0.154	0.167	0.157	0.160	0.155	0.341	0.169	0.344	0.158	0.354	0.156	0.177	0.161	0.171	0.153	0.161	0.155	0.330	0.172	0.323	0.158	0.325	0.160	0.172	0.155	0.170	0.153	0.160	0.152	0.344	0.186	0.333	0.156	0.310	0.162	0.173	0.165	0.167	0.158	0.163	0.155	0.349	0.173	0.338	0.164	0.348	0.161	0.176	0.156	0.169	0.172	0.162	0.160												
6:40:00													0.390	0.171	0.382	0.160	0.408	0.162	0.178	0.158	0.176	0.157	0.161	0.151	0.389	0.172	0.386	0.161	0.308	0.155	0.178	0.156	0.172	0.156	0.160	0.155	0.382	0.174	0.389	0.160	0.398	0.157	0.182	0.161	0.176	0.153	0.163	0.155	0.372	0.178	0.360	0.160	0.363	0.161	0.178	0.156	0.175	0.153	0.161	0.152	0.386	0.192	0.374	0.158	0.340	0.162	0.178	0.167	0.172	0.158	0.162	0.155	0.395	0.179	0.381	0.164	0.385	0.161	0.181	0.158	0.173	0.172	0.164	0.161												
7:00:00													0.431	0.177	0.417	0.163	0.436	0.163	0.186	0.161	0.184	0.157	0.161	0.151	0.424	0.179	0.419	0.164	0.340	0.155	0.185	0.158	0.180	0.156	0.162	0.155	0.418	0.181	0.434	0.163	0.431	0.157	0.190	0.165	0.184	0.154	0.165	0.155	0.410	0.185	0.393	0.163	0.395	0.160	0.185	0.156	0.182	0.153	0.163	0.152	0.427	0.200	0.408	0.160	0.374	0.162	0.186	0.170	0.179	0.158	0.165	0.155	0.434	0.186	0.417	0.166	0.419	0.158	0.189	0.160	0.179	0.172	0.164	0.161												
7:20:00													0.455	0.186	0.441	0.164	0.455	0.163	0.195	0.163	0.195	0.157	0.166	0.152	0.445	0.187	0.434	0.168	0.378	0.155	0.195	0.162	0.190	0.156	0.166	0.156	0.439	0.189	0.458	0.165	0.462	0.157	0.201	0.167	0.195	0.154	0.167	0.155	0.434	0.194	0.413	0.168	0.427	0.160	0.196	0.163	0.193	0.154	0.165	0.152	0.448	0.210	0.429	0.167	0.406	0.162	0.196	0.172	0.189	0.157	0.166	0.156	0.461	0.194	0.436	0.170	0.439	0.158	0.199	0.163	0.188	0.173	0.167	0.161												
7:40:00													0.471	0.196	0.455	0.169	0.476	0.163	0.209	0.168	0.209	0.158	0.170	0.152	0.457	0.199	0.457	0.172	0.405	0.156	0.208	0.169	0.204	0.156	0.169	0.156	0.458	0.200	0.485	0.171	0.512	0.158	0.215	0.176	0.208	0.154	0.172	0.156	0.463	0.205	0.439	0.172	0.483	0.161	0.209	0.166	0.205	0.154	0.168	0.152	0.469	0.222	0.454	0.169	0.436	0.163	0.209	0.179	0.201	0.158	0.170	0.156	0.477	0.205	0.445	0.178	0.445	0.158	0.213	0.169	0.200	0.173	0.171	0.161												
8:00:00													0.505	0.210	0.478	0.173	0.504	0.162	0.226	0.175	0.227	0.158	0.177	0.152	0.499	0.212	0.497	0.176	0.423	0.158	0.226	0.187	0.222	0.158	0.176	0.157	0.513	0.214	0.517	0.175	0.559	0.158	0.232	0.196	0.227	0.155	0.177	0.157	0.501	0.220	0.471	0.177	0.531	0.162	0.227	0.187	0.223	0.155	0.176	0.153	0.498	0.239	0.486	0.174	0.484	0.163	0.226	0.197	0.217	0.158	0.177	0.156	0.497	0.220	0.460	0.198	0.457	0.163	0.232	0.184	0.216	0.168	0.176	0.161												
8:20:00													0.543	0.227	0.503	0.182	0.539	0.164	0.249	0.198	0.252	0.158	0.193	0.152	0.553	0.233	0.533	0.181	0.449	0.158	0.248	0.201	0.245	0.158	0.197	0.157	0.557	0.232	0.548	0.181	0.588	0.159	0.256	0.188	0.250	0.155	0.191	0.157	0.539	0.240	0.511	0.185	0.570	0.161	0.251	0.200	0.245	0.156	0.188	0.153	0.522	0.258	0.524	0.177	0.534	0.165	0.250	0.214	0.239	0.160	0.186	0.157	0.527	0.236	0.481	0.218	0.489	0.159	0.256	0.215	0.236	0.173	0.183	0.162												
8:40:00													0.573	0.244	0.528	0.183	0.565	0.165	0.277	0.190	0.281	0.158	0.219	0.154	0.591	0.252	0.560	0.188	0.496	0.158	0.274	0.195	0.272	0.158	0.223	0.158	0.586	0.249	0.575	0.187	0.609	0.158	0.284	0.188	0.278	0.157	0.220	0.157	0.561	0.259	0.544	0.198	0.596	0.161	0.278	0.201	0.271	0.157	0.221	0.154	0.549	0.277	0.557	0.177	0.570	0.165	0.280	0.206	0.265	0.160	0.217	0.158	0.560	0.254	0.511	0.235	0.523	0.161	0.284	0.209	0.262	0.173	0.211	0.163												
9:00:00													0.597	0.262	0.550	0.217	0.582	0.164	0.304	0.203	0.308	0.159	0.213	0.154	0.614	0.268	0.580	0.214	0.534	0.158	0.299	0.212	0.298	0.161	0.228	0.161	0.606	0.267	0.598	0.196	0.626	0.160	0.308	0.207	0.303	0.156	0.217	0.159	0.583	0.281	0.569	0.219	0.616	0.161	0.306	0.213	0.295	0.159	0.223	0.155	0.569	0.299	0.584	0.190	0.598	0.166	0.307	0.219	0.289	0.160	0.217	0.158	0.587	0.273	0.540	0.238	0.554	0.161	0.311	0.212	0.287	0.166	0.234	0.163												
9:20:00													0.611	0.287	0.568	0.222	0.598	0.167	0.337	0.224	0.343	0.160	0.217	0.156	0.629	0.295	0.600	0.226	0.562	0.163	0.334	0.234	0.330	0.161	0.237	0.162	0.625	0.294	0.616	0.211	0.640	0.162	0.341	0.218	0.338	0.158	0.232	0.160	0.600	0.307	0.593	0.232	0.633	0.163	0.343	0.226	0.329	0.157	0.237	0.158	0.585	0.333	0.607	0.205	0.618	0.164	0.332	0.235	0.320	0.162	0.227	0.160	0.608	0.298	0.566	0.246	0.578	0.163	0.346	0.237	0.317	0.170	0.239	0.165												
9:40:00													0.621	0.315	0.581	0.249	0.610	0.169	0.384	0.245	0.382	0.162	0.244	0.159	0.642	0.307	0.616	0.253	0.585	0.165	0.376	0.251	0.368	0.163	0.262	0.161	0.641	0.312	0.632	0.241	0.652	0.165	0.381	0.234	0.369	0.161	0.256	0.162	0.615	0.324	0.611	0.259	0.646	0.167	0.383	0.248	0.364	0.158	0.263	0.158	0.599	0.345	0.624	0.227	0.635	0.170	0.371	0.248	0.357	0.164	0.256	0.162	0.623	0.319	0.587	0.260	0.595	0.164	0.387	0.275	0.357	0.169	0.273	0.166												
10:00:00													0.624	0.318	0.594	0.268	0.618	0.174	0.402	0.277	0.409	0.164	0.268	0.161	0.654	0.316	0.629	0.281	0.601	0.169	0.393	0.281	0.388	0.167	0.291	0.162	0.650	0.320	0.647	0.280	0.664	0.167	0.396	0.255	0.393	0.164	0.282	0.160	0.630	0.329	0.625	0.285	0.658	0.171	0.401	0.281	0.383	0.162	0.290	0.160	0.609	0.352	0.635	0.255	0.650	0.173	0.393	0.272	0.383	0.167	0.285	0.164	0.634	0.334	0.604	0.286	0.608	0.167	0.413	0.297	0.382	0.169	0.307	0.168												
10:20:00													0.636	0.332	0.600	0.299	0.625	0.178	0.423	0.298	0.428	0.169	0.300	0.164	0.662	0.327	0.641	0.324	0.616	0.171	0.402	0.329	0.408	0.172	0.330	0.164	0.657	0.329	0.661	0.325	0.675	0.172	0.407	0.282	0.405	0.170	0.311	0.165	0.640	0.338	0.636	0.327	0.667	0.174	0.416	0.301	0.399	0.169	0.329	0.162	0.620	0.361	0.644	0.296	0.662	0.175	0.411	0.313	0.403	0.173	0.321	0.167	0.648	0.340	0.618	0.316	0.620	0.171	0.434	0.337	0.392	0.172	0.344	0.171												
10:40:00													0.645	0.336	0.600	0.338	0.628	0.177	0.425	0.338	0.438	0.176	0.333	0.167	0.671	0.333	0.652	0.361	0.629	0.172	0.415	0.365	0.407	0.183	0.367	0.166	0.664	0.334	0.671	0.358	0.683	0.172	0.416	0.311	0.413	0.167	0.348	0.171	0.640	0.343	0.644	0.368	0.673	0.176	0.426	0.342	0.404	0.170	0.376	0.166	0.634	0.362	0.652	0.322	0.671	0.176	0.421	0.352	0.415	0.175	0.353	0.171	0.657	0.346	0.628	0.345	0.626	0.170	0.442	0.381	0.413	0.185	0.387	0.175												
11:00:00													0.666	0.347	0.602	0.366	0.629	0.180	0.466	0.374	0.454	0.174	0.365	0.173	0.677	0.337	0.659	0.407	0.643	0.174	0.426	0.416	0.412	0.176	0.421	0.172	0.674	0.343	0.680	0.402	0.693	0.175	0.424	0.342	0.417	0.169	0.383	0.173	0.645	0.338	0.649	0.407	0.682	0.177	0.430	0.378	0.424	0.173	0.427	0.174	0.643	0.371	0.658	0.359	0.683	0.178	0.421	0.387	0.424	0.177	0.388	0.178	0.665	0.353	0.637	0.382	0.632	0.173	0.456	0.425	0.419	0.177	0.420	0.180												
11:20:00													0.682	0.359	0.602	0.398	0.631	0.183	0.480	0.420	0.444	0.175	0.412	0.204	0.686	0.346	0.667	0.449	0.653	0.192	0.427	0.465	0.423	0.176	0.449	0.200	0.680	0.335	0.687	0.453	0.701	0.179	0.439	0.372	0.423	0.172	0.406	0.205	0.653	0.350	0.655	0.452	0.689	0.178	0.438	0.418	0.431	0.174	0.472	0.204	0.654	0.359	0.665	0.398	0.684	0.180	0.431	0.444	0.437	0.180	0.419	0.198	0.671	0.366	0.641	0.426	0.642	0.188	0.445	0.470	0.428	0.176	0.463	0.193												
11:40:00													0.698	0.355	0.604	0.422	0.637	0.212	0.487	0.467	0.449	0.181	0.462	0.213	0.695	0.346	0.674	0.484	0.661	0.214	0.434	0.522	0.436	0.173	0.493	0.209	0.686	0.343	0.695	0.484	0.711	0.200	0.449	0.410	0.436	0.185	0.438	0.209	0.656	0.345	0.662	0.493	0.694	0.198	0.452	0.463	0.457	0.177	0.501	0.212	0.660	0.367	0.672	0.435	0.692	0.202	0.443	0.486	0.440	0.184	0.456	0.215	0.678	0.360	0.649	0.463	0.654	0.216	0.450	0.528	0.435	0.183	0.493	0.219												
12:00:00													0.707	0.363	0.607	0.460	0.644	0.231	0.498	0.513	0.465	0.234	0.506	0.220	0.702	0.351	0.678	0.516	0.668	0.233	0.447	0.574	0.450	0.210	0.541	0.206	0.693	0.359	0.701	0.514	0.719	0.219	0.458	0.456	0.452	0.212	0.480	0.210	0.663	0.351	0.669	0.519	0.701	0.219	0.464	0.511	0.471	0.187	0.530	0.222	0.648	0.370	0.681	0.461	0.690	0.216	0.457	0.535	0.455	0.207	0.499	0.224	0.693	0.378	0.655	0.497	0.667	0.228	0.458	0.578	0.449	0.219	0.521	0.233												
12:20:00													0.715	0.349	0.611	0.484	0.649	0.242	0.499	0.557	0.472	0.245	0.547	0.224	0.709	0.343	0.683	0.553	0.676	0.253	0.460	0.604	0.465	0.217	0.588	0.209	0.699	0.349	0.707	0.543	0.725	0.230	0.469	0.495	0.469	0.218	0.519	0.210	0.670	0.354	0.676	0.555	0.710	0.241	0.473	0.551	0.479	0.214	0.564	0.221	0.656	0.374	0.688	0.500	0.699	0.231	0.470	0.578	0.471	0.243	0.539	0.233	0.703	0.378	0.653	0.534	0.682	0.241	0.462	0.624	0.460	0.243	0.560	0.246												
12:40:00													0.716	0.357	0.614	0.505	0.657	0.273	0.503	0.592	0.479	0.256	0.591	0.239	0.715	0.352	0.689	0.583	0.683	0.289	0.472	0.622	0.479	0.227	0.612	0.219	0.708	0.353	0.712	0.580	0.733	0.253	0.478	0.524	0.486	0.231	0.553	0.216	0.669	0.358	0.681	0.587	0.716	0.264	0.481	0.580	0.493	0.245	0.593	0.248	0.648	0.378	0.695	0.532	0.705	0.252	0.482	0.600	0.486	0.248	0.579	0.247	0.701	0.378	0.655	0.561	0.691	0.250	0.469	0.651	0.470	0.264	0.598	0.254												
13:00:00													0.718	0.359	0.619	0.548	0.666	0.290	0.504	0.627	0.496	0.266	0.625	0.256	0.721	0.358	0.692	0.609	0.688	0.311	0.483	0.634	0.493	0.247	0.647	0.229	0.713	0.355	0.717	0.610	0.740	0.293	0.486	0.556	0.501	0.246	0.593	0.231	0.682	0.361	0.686	0.615	0.723	0.284	0.490	0.605	0.508	0.258	0.632	0.263	0.663	0.382	0.701	0.553	0.711	0.278	0.492	0.628	0.501	0.276	0.620	0.266	0.700	0.395	0.657	0.591	0.698	0.260	0.470	0.683	0.484	0.286	0.622	0.272												
13:20:00													0.717	0.363	0.625	0.583	0.673	0.307	0.507	0.663	0.507	0.272	0.661	0.276	0.729	0.352	0.696	0.625	0.693	0.342	0.489	0.676	0.507	0.269	0.665	0.237	0.721	0.358	0.722	0.633	0.748	0.318	0.494	0.601	0.518	0.263	0.603	0.239	0.685	0.364	0.692	0.634	0.729	0.301	0.495	0.639	0.519	0.295	0.646	0.283	0.667	0.384	0.708	0.583	0.719	0.300	0.502	0.650	0.516	0.304	0.649	0.282	0.699	0.375	0.660	0.620	0.705	0.277	0.476	0.714	0.497	0.306	0.683	0.291												
13:40:00													0.723	0.366	0.631	0.618	0.680	0.336	0.510	0.663	0.518	0.287	0.712	0.287	0.740	0.354	0.701	0.626	0.702	0.373	0.497	0.685	0.521	0.281	0.694	0.248	0.726	0.360	0.729	0.638	0.754	0.347	0.504	0.640	0.532	0.283	0.644	0.248	0.690	0.366	0.696	0.650	0.736	0.328	0.504	0.644	0.531	0.327	0.668	0.300	0.674	0.388	0.714	0.605	0.724	0.327	0.512	0.651	0.530	0.329	0.678	0.296	0.704	0.376	0.664	0.649	0.715	0.297	0.479	0.759	0.511	0.333	0.729	0.314												
14:00:00													0.732	0.370	0.645	0.640	0.694	0.361	0.511	0.707	0.521	0.294	0.747	0.312	0.744	0.361	0.704	0.645	0.710	0.414	0.501	0.709	0.528	0.294	0.768	0.256	0.733	0.362	0.736	0.631	0.761	0.377	0.511	0.676	0.541	0.298	0.675	0.252	0.702	0.370	0.703	0.670	0.740	0.356	0.513	0.674	0.539	0.359	0.730	0.326	0.685	0.391	0.725	0.624	0.732	0.352	0.518	0.680	0.537	0.354	0.703	0.317	0.711	0.380	0.672	0.684	0.719	0.320	0.480	0.781	0.517	0.364	0.773	0.341												
14:20:00													0.746	0.374	0.656	0.666	0.704	0.391	0.515	0.729	0.528	0.321	0.797	0.341	0.751	0.363	0.712	0.660	0.717	0.441	0.506	0.718	0.536	0.308	0.784	0.267	0.740	0.367	0.745	0.658	0.769	0.405	0.518	0.697	0.551	0.318	0.761	0.265	0.706	0.373	0.710	0.699	0.745	0.386	0.519	0.734	0.546	0.399	0.759	0.348	0.692	0.395	0.733	0.637	0.738	0.378	0.523	0.724	0.547	0.382	0.761	0.344	0.720	0.387	0.680	0.718	0.726	0.343	0.486	0.781	0.523	0.400	0.812	0.370												
14:40:00													0.760	0.378	0.666	0.694	0.714	0.424	0.519	0.772	0.532	0.353	0.828	0.369	0.760	0.366	0.721	0.661	0.723	0.468	0.512	0.756	0.547	0.332	0.833	0.280	0.749	0.369	0.752	0.676	0.776	0.434	0.523	0.732	0.561	0.340	0.809	0.282	0.714	0.377	0.718	0.713	0.753	0.412	0.526	0.769	0.553	0.431	0.850	0.368	0.697	0.398	0.742	0.657	0.744	0.404	0.530	0.758	0.557	0.416	0.815	0.365	0.727	0.393	0.688	0.754	0.733	0.363	0.493	0.795	0.531	0.437	0.864	0.404												
15:00:00													0.774	0.383	0.670	0.728	0.723	0.461	0.527	0.790	0.538	0.373	0.865	0.406	0.769	0.369	0.730	0.692	0.731	0.501	0.517	0.769	0.556	0.360	0.896	0.298	0.756	0.372	0.760	0.689	0.785	0.459	0.530	0.778	0.571	0.364	0.845	0.297	0.727	0.380	0.728	0.728	0.761	0.441	0.530	0.796	0.563	0.471	0.872	0.400	0.716	0.401	0.749	0.686	0.751	0.429	0.536	0.784	0.568	0.460	0.843	0.394	0.740	0.396	0.701	0.763	0.742	0.389	0.498	0.841	0.539	0.476	0.902	0.433												
15:20:00													0.779	0.386	0.674	0.733	0.730	0.483	0.533	0.832	0.546	0.396	0.910	0.435	0.780	0.371	0.737	0.711	0.739	0.525	0.525	0.805	0.556	0.388	0.929	0.323	0.762	0.376	0.766	0.720	0.792	0.483	0.536	0.806	0.580	0.386	0.892	0.319	0.737	0.383	0.734	0.757	0.768	0.465	0.535	0.801	0.572	0.503	0.894	0.435	0.731	0.404	0.755	0.742	0.758	0.448	0.542	0.804	0.577	0.493	0.875	0.430	0.749	0.402	0.729	0.768	0.749	0.409	0.501	0.849	0.548	0.506	0.942	0.463												
15:40:00													0.790	0.391	0.677	0.784	0.734	0.502	0.541	0.860	0.557	0.434	0.948	0.462	0.789	0.377	0.745	0.728	0.748	0.549	0.535	0.817	0.566	0.402	0.942	0.343	0.769	0.379	0.771	0.728	0.799	0.505	0.541	0.834	0.591	0.414	0.906	0.341	0.747	0.386	0.741	0.788	0.773	0.483	0.542	0.836	0.580	0.544	0.939	0.465	0.738	0.409	0.760	0.762	0.764	0.466	0.548	0.840	0.587	0.521	0.912	0.457	0.761	0.407	0.742	0.773	0.756	0.428	0.507	0.879	0.562	0.537	0.988	0.495												
16:00:00													0.804	0.396	0.688	0.807	0.742	0.510	0.547	0.886	0.563	0.462	0.984	0.483	0.797	0.381	0.749	0.766	0.753	0.571	0.543	0.837	0.573	0.428	0.992	0.358	0.778	0.382	0.778	0.756	0.806	0.516	0.548	0.855	0.598	0.436	0.940	0.364	0.753	0.388	0.746	0.816	0.778	0.505	0.547	0.859	0.588	0.554	0.969	0.481	0.748	0.412	0.767	0.772	0.770	0.489	0.554	0.869	0.594	0.555	0.947	0.477	0.770	0.415	0.749	0.795	0.763	0.438	0.510	0.904	0.570	0.566	1.023	0.521												
16:20:00													0.809	0.402	0.702	0.833	0.743	0.531	0.553	0.903	0.571	0.475	1.014	0.515	0.802	0.383	0.757	0.768	0.760	0.595	0.551	0.856	0.584	0.448	1.020	0.382	0.785	0.385	0.784	0.783	0.811	0.537	0.555	0.875	0.608	0.467	0.982	0.393	0.760	0.390	0.749	0.842	0.782	0.531	0.552	0.874	0.597	0.586	0.997	0.499	0.753	0.416	0.772	0.806	0.775	0.512	0.562	0.893	0.606	0.584	0.971	0.497	0.783	0.419	0.755	0.824	0.768	0.456	0.514	0.933	0.582	0.595	1.041	0.534												
16:40:00													0.822	0.407	0.720	0.856	0.751	0.543	0.558	0.915	0.575	0.509	1.045	0.529	0.806	0.385	0.762	0.818	0.764	0.613	0.558	0.875	0.588	0.482	1.059	0.421	0.793	0.389	0.787	0.822	0.817	0.554	0.561	0.892	0.615	0.486	1.002	0.430	0.765	0.394	0.754	0.861	0.787	0.546	0.558	0.894	0.606	0.605	1.016	0.494	0.763	0.419	0.777	0.841	0.781	0.538	0.567	0.916	0.614	0.608	0.999	0.523	0.791	0.424	0.764	0.829	0.775	0.471	0.517	0.954	0.589	0.613	1.088	0.554												
17:00:00													0.827	0.412	0.727	0.866	0.756	0.557	0.563	0.923	0.583	0.535	1.069	0.561	0.810	0.392	0.770	0.818	0.772	0.624	0.571	0.904	0.595	0.502	1.088	0.476	0.798	0.392	0.790	0.831	0.821	0.574	0.566	0.910	0.623	0.516	1.021	0.475	0.773	0.397	0.758	0.875	0.793	0.565	0.564	0.919	0.614	0.631	1.038	0.538	0.769	0.424	0.777	0.864	0.786	0.551	0.573	0.957	0.621	0.625	1.006	0.535	0.803	0.427	0.770	0.842	0.780	0.493	0.520	0.953	0.603	0.640	1.116	0.575												
17:20:00													0.836	0.418	0.733	0.875	0.760	0.575	0.568	0.948	0.588	0.565	1.106	0.592	0.816	0.394	0.777	0.850	0.777	0.635	0.575	0.923	0.600	0.533	1.085	0.534	0.805	0.396	0.794	0.843	0.827	0.590	0.573	0.934	0.628	0.553	1.041	0.511	0.778	0.401	0.764	0.891	0.798	0.587	0.577	0.964	0.621	0.646	1.053	0.576	0.776	0.428	0.780	0.888	0.792	0.563	0.580	0.953	0.624	0.642	1.043	0.562	0.815	0.430	0.776	0.844	0.786	0.517	0.523	0.960	0.610	0.665	1.109	0.603												
17:40:00													0.848	0.424	0.737	0.883	0.766	0.584	0.571	0.957	0.591	0.589	1.137	0.618	0.818	0.395	0.780	0.842	0.781	0.644	0.580	0.939	0.601	0.596	1.130	0.574	0.810	0.400	0.798	0.864	0.832	0.604	0.590	0.951	0.632	0.596	1.061	0.567	0.782	0.404	0.769	0.914	0.804	0.604	0.585	0.975	0.623	0.654	1.075	0.604	0.784	0.432	0.785	0.892	0.799	0.579	0.588	0.974	0.629	0.658	1.053	0.616	0.823	0.434	0.782	0.876	0.792	0.538	0.528	0.973	0.614	0.683	1.121	0.629												
18:00:00													0.856	0.432	0.737	0.901	0.771	0.597	0.575	0.980	0.596	0.608	1.143	0.633	0.822	0.402	0.784	0.872	0.787	0.662	0.586	0.956	0.607	0.623	1.142	0.607	0.816	0.403	0.801	0.872	0.837	0.618	0.600	0.969	0.638	0.634	1.083	0.601	0.788	0.407	0.773	0.931	0.810	0.619	0.594	0.998	0.626	0.667	1.087	0.632	0.791	0.435	0.788	0.913	0.805	0.595	0.595	0.979	0.632	0.665	1.063	0.659	0.832	0.436	0.787	0.874	0.799	0.558	0.537	0.981	0.620	0.696	1.142	0.667												
18:20:00													0.861	0.441	0.733	0.902	0.774	0.621	0.578	1.000	0.603	0.645	1.163	0.662	0.828	0.405	0.790	0.886	0.794	0.682	0.596	0.982	0.614	0.655	1.160	0.638	0.820	0.405	0.805	0.904	0.841	0.633	0.609	0.988	0.645	0.661	1.101	0.634	0.795	0.408	0.778	0.948	0.817	0.633	0.604	1.008	0.632	0.690	1.108	0.654	0.796	0.440	0.789	0.924	0.810	0.612	0.606	1.011	0.639	0.703	1.094	0.690	0.843	0.440	0.791	0.901	0.805	0.574	0.552	1.002	0.629	0.694	1.155	0.708												
18:40:00													0.868	0.451	0.734	0.912	0.780	0.661	0.583	1.015	0.607	0.675	1.176	0.695	0.832	0.409	0.793	0.898	0.798	0.696	0.607	1.003	0.620	0.683	1.181	0.661	0.825	0.408	0.808	0.916	0.846	0.650	0.622	1.009	0.652	0.709	1.127	0.664	0.801	0.411	0.781	0.960	0.823	0.649	0.615	1.031	0.638	0.705	1.126	0.667	0.803	0.442	0.792	0.944	0.816	0.632	0.619	1.027	0.643	0.706	1.113	0.712	0.852	0.444	0.796	0.895	0.812	0.606	0.564	1.013	0.635	0.711	1.177	0.752												
19:00:01													0.877	0.464	0.738	0.924	0.788	0.694	0.586	1.036	0.609	0.699	1.182	0.720	0.834	0.411	0.796	0.919	0.802	0.708	0.615	1.019	0.623	0.713	1.197	0.689	0.831	0.411	0.811	0.938	0.851	0.660	0.629	1.022	0.660	0.725	1.141	0.684	0.806	0.414	0.786	0.972	0.830	0.660	0.624	1.042	0.644	0.723	1.139	0.688	0.811	0.445	0.796	0.960	0.824	0.644	0.630	1.045	0.649	0.719	1.127	0.717	0.861	0.448	0.805	0.915	0.818	0.626	0.574	1.024	0.638	0.728	1.176	0.776												
19:20:01													0.886	0.477	0.741	0.944	0.797	0.721	0.588	1.058	0.616	0.747	1.190	0.756	0.838	0.412	0.798	0.931	0.807	0.729	0.619	1.039	0.628	0.753	1.194	0.715	0.837	0.415	0.813	0.949	0.857	0.670	0.637	1.039	0.665	0.769	1.153	0.704	0.811	0.416	0.790	0.983	0.836	0.673	0.632	1.062	0.652	0.749	1.153	0.707	0.816	0.447	0.800	0.963	0.830	0.659	0.640	1.058	0.652	0.790	1.135	0.756	0.870	0.449	0.817	0.903	0.825	0.645	0.582	1.040	0.644	0.752	1.167	0.788												
19:40:01													0.889	0.491	0.743	0.966	0.809	0.757	0.591	1.071	0.625	0.778	1.197	0.781	0.846	0.416	0.803	0.939	0.813	0.744	0.629	1.060	0.637	0.783	1.211	0.739	0.843	0.418	0.817	0.962	0.863	0.686	0.643	1.053	0.671	0.793	1.166	0.719	0.820	0.419	0.793	0.996	0.843	0.687	0.641	1.074	0.662	0.793	1.167	0.732	0.821	0.450	0.801	0.975	0.834	0.682	0.648	1.067	0.659	0.818	1.139	0.771	0.883	0.453	0.828	0.925	0.830	0.672	0.588	1.053	0.654	0.782	1.174	0.802												
20:00:01													0.899	0.507	0.751	0.967	0.815	0.791	0.592	1.090	0.633	0.796	1.196	0.804	0.849	0.417	0.803	0.954	0.814	0.768	0.633	1.065	0.641	0.812	1.215	0.760	0.848	0.422	0.820	0.976	0.868	0.707	0.648	1.065	0.674	0.827	1.179	0.741	0.824	0.421	0.798	1.016	0.849	0.729	0.647	1.079	0.669	0.831	1.183	0.747	0.829	0.452	0.806	0.985	0.841	0.694	0.657	1.076	0.664	0.832	1.161	0.825	0.894	0.455	0.839	0.976	0.836	0.694	0.594	1.064	0.660	0.828	1.179	0.810												
20:20:01													0.906	0.515	0.762	0.986	0.813	0.808	0.594	1.103	0.645	0.826	1.194	0.812	0.854	0.419	0.806	0.970	0.818	0.779	0.641	1.078	0.649	0.831	1.224	0.776	0.852	0.425	0.822	0.985	0.872	0.725	0.653	1.085	0.680	0.853	1.189	0.763	0.828	0.424	0.801	1.023	0.854	0.741	0.653	1.085	0.676	0.866	1.192	0.767	0.835	0.455	0.810	1.000	0.845	0.726	0.663	1.090	0.669	0.874	1.184	0.845	0.902	0.459	0.850	0.988	0.839	0.720	0.601	1.070	0.668	0.843	1.188	0.832												
20:40:01													0.913	0.537	0.771	1.016	0.813	0.824	0.597	1.115	0.654	0.863	1.201	0.844	0.860	0.423	0.808	0.979	0.821	0.791	0.648	1.094	0.657	0.864	1.235	0.803	0.856	0.430	0.825	0.995	0.877	0.747	0.658	1.089	0.687	0.877	1.200	0.789	0.833	0.426	0.805	1.033	0.858	0.778	0.659	1.101	0.681	0.888	1.204	0.786	0.841	0.458	0.813	1.006	0.849	0.753	0.670	1.095	0.675	0.904	1.182	0.852	0.914	0.464	0.858	1.004	0.841	0.743	0.607	1.083	0.680	0.864	1.204	0.844												
21:00:01													0.921	0.541	0.778	1.032	0.816	0.846	0.598	1.127	0.661	0.869	1.209	0.849	0.863	0.425	0.810	0.994	0.825	0.823	0.654	1.102	0.666	0.880	1.232	0.801	0.861	0.436	0.828	1.005	0.881	0.773	0.664	1.102	0.693	0.894	1.203	0.795	0.837	0.428	0.809	1.044	0.863	0.798	0.665	1.110	0.686	0.907	1.207	0.803	0.847	0.460	0.816	1.014	0.853	0.764	0.676	1.101	0.681	0.916	1.192	0.864	0.925	0.466	0.865	1.043	0.843	0.755	0.612	1.091	0.693	0.892	1.210	0.858												
21:20:01													0.928	0.550	0.785	1.069	0.820	0.859	0.601	1.133	0.669	0.893	1.218	0.870	0.868	0.426	0.813	1.004	0.829	0.838	0.661	1.114	0.673	0.908	1.241	0.825	0.865	0.442	0.831	1.018	0.885	0.787	0.669	1.118	0.700	0.914	1.209	0.809	0.841	0.431	0.818	1.055	0.868	0.811	0.671	1.124	0.692	0.924	1.216	0.817	0.853	0.462	0.820	1.029	0.856	0.788	0.682	1.111	0.687	0.938	1.196	0.880	0.934	0.467	0.869	1.055	0.845	0.771	0.618	1.102	0.705	0.910	1.220	0.866												
21:40:01													0.936	0.554	0.791	1.073	0.824	0.874	0.606	1.138	0.677	0.917	1.224	0.886	0.872	0.426	0.815	1.009	0.833	0.852	0.666	1.125	0.678	0.931	1.243	0.838	0.869	0.449	0.839	1.032	0.890	0.805	0.673	1.128	0.706	0.933	1.217	0.831	0.845	0.433	0.832	1.063	0.871	0.817	0.676	1.127	0.698	0.937	1.212	0.828	0.859	0.464	0.831	1.031	0.858	0.803	0.687	1.124	0.695	0.952	1.198	0.886	0.942	0.469	0.871	1.091	0.846	0.807	0.624	1.130	0.713	0.933	1.230	0.871												
22:00:01													0.943	0.556	0.795	1.098	0.832	0.899	0.613	1.142	0.686	0.936	1.225	0.895	0.876	0.430	0.821	1.029	0.837	0.870	0.671	1.138	0.683	0.949	1.251	0.856	0.874	0.457	0.850	1.038	0.894	0.825	0.678	1.140	0.711	0.952	1.218	0.850	0.849	0.436	0.842	1.075	0.876	0.835	0.681	1.141	0.704	0.959	1.224	0.835	0.864	0.467	0.841	1.044	0.861	0.815	0.692	1.129	0.702	0.976	1.196	0.896	0.952	0.471	0.870	1.108	0.849	0.819	0.629	1.140	0.720	0.947	1.238	0.877												
22:20:01													0.954	0.556	0.798	1.109	0.845	0.916	0.620	1.148	0.693	0.954	1.229	0.900	0.879	0.429	0.832	1.040	0.841	0.883	0.676	1.144	0.689	0.965	1.253	0.861	0.879	0.464	0.856	1.047	0.897	0.847	0.682	1.152	0.717	0.969	1.221	0.863	0.854	0.439	0.847	1.089	0.879	0.854	0.685	1.146	0.710	0.975	1.233	0.846	0.870	0.471	0.851	1.048	0.863	0.831	0.697	1.141	0.708	0.989	1.211	0.904	0.962	0.471	0.870	1.119	0.851	0.816	0.634	1.143	0.727	0.968	1.242	0.877												
22:40:01													0.959	0.562	0.797	1.118	0.852	0.934	0.624	1.169	0.701	0.975	1.231	0.904	0.883	0.432	0.840	1.048	0.846	0.902	0.686	1.155	0.700	0.979	1.259	0.879	0.882	0.471	0.861	1.054	0.900	0.865	0.687	1.162	0.724	0.985	1.228	0.861	0.859	0.440	0.848	1.100	0.883	0.875	0.691	1.159	0.716	0.991	1.230	0.862	0.874	0.472	0.858	1.060	0.864	0.844	0.700	1.155	0.716	1.005	1.220	0.913	0.973	0.472	0.867	1.127	0.855	0.831	0.644	1.150	0.734	0.977	1.244	0.884												
23:00:01													0.963	0.564	0.799	1.133	0.860	0.958	0.627	1.174	0.706	0.991	1.235	0.906	0.885	0.435	0.844	1.039	0.848	0.917	0.686	1.153	0.705	0.987	1.261	0.885	0.886	0.477	0.867	1.063	0.904	0.884	0.691	1.172	0.727	1.002	1.233	0.883	0.863	0.444	0.848	1.108	0.888	0.895	0.695	1.165	0.721	1.005	1.237	0.874	0.881	0.475	0.867	1.077	0.866	0.852	0.705	1.160	0.721	1.025	1.221	0.919	0.982	0.473	0.867	1.137	0.866	0.849	0.654	1.148	0.738	1.000	1.247	0.878												
23:20:01													0.967	0.568	0.798	1.144	0.866	0.978	0.631	1.187	0.713	1.013	1.234	0.906	0.888	0.436	0.849	1.063	0.853	0.942	0.690	1.167	0.712	0.996	1.267	0.890	0.891	0.481	0.872	1.078	0.908	0.903	0.695	1.177	0.732	1.012	1.236	0.890	0.866	0.447	0.847	1.112	0.897	0.913	0.699	1.173	0.727	1.019	1.241	0.883	0.885	0.479	0.874	1.089	0.869	0.867	0.708	1.164	0.727	1.037	1.226	0.924	0.999	0.476	0.866	1.138	0.878	0.868	0.666	1.154	0.743	1.006	1.251	0.882												
23:40:01													0.975	0.606	0.795	1.151	0.870	0.995	0.635	1.208	0.718	1.020	1.235	0.904	0.892	0.437	0.854	1.069	0.862	0.955	0.695	1.157	0.719	1.012	1.273	0.885	0.895	0.486	0.876	1.083	0.912	0.921	0.699	1.183	0.737	1.028	1.243	0.897	0.871	0.450	0.846	1.117	0.904	0.923	0.703	1.180	0.732	1.030	1.248	0.885	0.891	0.482	0.878	1.098	0.874	0.883	0.712	1.172	0.732	1.054	1.233	0.933	1.021	0.477	0.865	1.142	0.893	0.884	0.677	1.180	0.749	1.018	1.248	0.890												
24:00:01													0.979	0.594	0.793	1.168	0.875	1.009	0.639	1.218	0.724	1.037	1.233	0.905	0.896	0.439	0.857	1.074	0.872	0.967	0.700	1.170	0.726	1.025	1.274	0.887	0.899	0.493	0.879	1.091	0.921	0.935	0.703	1.190	0.742	1.038	1.248	0.905	0.875	0.453	0.845	1.126	0.908	0.931	0.707	1.184	0.736	1.039	1.252	0.899	0.898	0.486	0.880	1.110	0.884	0.897	0.715	1.180	0.737	1.073	1.239	0.938	1.042	0.479	0.863	1.145	0.904	0.906	0.687	1.197	0.754	1.045	1.248	0.850												
24:20:01													0.993	0.602	0.791	1.174	0.876	1.020	0.643	1.231	0.728	1.052	1.234	0.905	0.899	0.441	0.860	1.079	0.878	0.980	0.709	1.194	0.732	1.041	1.277	0.890	0.902	0.498	0.881	1.095	0.926	0.947	0.707	1.192	0.746	1.052	1.252	0.912	0.879	0.458	0.844	1.134	0.910	0.952	0.710	1.186	0.741	1.055	1.256	0.905	0.903	0.488	0.881	1.108	0.891	0.909	0.719	1.185	0.742	1.088	1.243	0.940	1.052	0.479	0.861	1.148	0.908	0.923	0.694	1.207	0.759	1.048	1.259	0.811												
24:40:01													1.011	0.597	0.789	1.182	0.875	1.034	0.646	1.244	0.733	1.052	1.236	0.915	0.901	0.443	0.862	1.089	0.878	0.985	0.720	1.198	0.737	1.052	1.277	0.893	0.905	0.506	0.882	1.104	0.928	0.944	0.711	1.200	0.750	1.065	1.255	0.912	0.884	0.463	0.844	1.139	0.914	0.971	0.714	1.198	0.745	1.060	1.258	0.906	0.908	0.492	0.881	1.117	0.897	0.928	0.723	1.184	0.746	1.101	1.247	0.942	1.057	0.481	0.859	1.151	0.910	0.943	0.701	1.214	0.763	1.064	1.252	0.811												
25:00:01													1.028	0.603	0.786	1.180	0.873	1.045	0.649	1.252	0.740	1.075	1.237	0.936	0.906	0.445	0.865	1.089	0.877	0.986	0.735	1.208	0.745	1.065	1.281	0.892	0.909	0.517	0.882	1.113	0.929	0.957	0.717	1.206	0.756	1.078	1.257	0.917	0.889	0.465	0.843	1.145	0.917	0.989	0.720	1.209	0.749	1.079	1.263	0.914	0.912	0.495	0.878	1.119	0.901	0.947	0.726	1.206	0.750	1.112	1.252	0.945	1.062	0.482	0.856	1.153	0.910	0.948	0.707	1.220	0.768	1.058	1.248	0.820												
25:20:01													1.036	0.653	0.788	1.183	0.874	1.049	0.653	1.255	0.746	1.080	1.241	0.947	0.909	0.446	0.863	1.097	0.874	0.997	0.742	1.219	0.747	1.072	1.283	0.894	0.911	0.532	0.883	1.120	0.931	0.965	0.725	1.213	0.758	1.081	1.258	0.919	0.892	0.470	0.842	1.148	0.919	0.996	0.727	1.211	0.752	1.080	1.268	0.923	0.917	0.500	0.879	1.129	0.907	0.962	0.736	1.205	0.753	1.122	1.254	0.945	1.060	0.483	0.855	1.157	0.911	0.968	0.710	1.228	0.771	1.088	1.252	0.828												
25:40:01													1.038	0.656	0.788	1.183	0.872	1.059	0.658	1.260	0.757	1.096	1.236	0.957	0.913	0.447	0.863	1.101	0.876	1.008	0.749	1.224	0.752	1.085	1.281	0.895	0.914	0.551	0.882	1.123	0.931	0.976	0.731	1.221	0.762	1.096	1.260	0.924	0.895	0.474	0.842	1.153	0.921	0.994	0.732	1.218	0.756	1.093	1.272	0.927	0.922	0.504	0.879	1.139	0.912	0.969	0.742	1.207	0.756	1.135	1.256	0.947	1.059	0.484	0.852	1.161	0.910	0.978	0.713	1.234	0.777	1.103	1.255	0.837												
26:00:01													1.036	0.666	0.789	1.185	0.872	1.069	0.658	1.263	0.766	1.099	1.238	0.975	0.918	0.450	0.862	1.106	0.877	1.017	0.752	1.235	0.754	1.098	1.282	0.895	0.919	0.570	0.881	1.129	0.929	0.987	0.733	1.228	0.765	1.107	1.260	0.923	0.901	0.482	0.842	1.155	0.921	1.014	0.734	1.222	0.757	1.097	1.270	0.925	0.930	0.512	0.879	1.141	0.915	0.977	0.746	1.218	0.757	1.143	1.254	0.943	1.061	0.484	0.851	1.163	0.910	0.981	0.713	1.239	0.785	1.098	1.253	0.837												
26:20:01													1.034	0.675	0.788	1.184	0.870	1.070	0.665	1.263	0.775	1.131	1.236	0.990	0.920	0.450	0.861	1.118	0.878	1.016	0.755	1.235	0.760	1.108	1.287	0.905	0.920	0.580	0.882	1.136	0.930	0.991	0.738	1.236	0.768	1.114	1.266	0.929	0.903	0.482	0.842	1.174	0.924	1.021	0.738	1.228	0.762	1.102	1.278	0.931	0.930	0.513	0.877	1.151	0.919	0.988	0.751	1.230	0.763	1.146	1.258	0.950	1.058	0.481	0.846	1.167	0.909	0.995	0.715	1.245	0.797	1.105	1.250	0.838												
26:40:01													1.032	0.683	0.788	1.188	0.869	1.077	0.670	1.266	0.779	1.162	1.248	0.996	0.925	0.451	0.860	1.130	0.876	1.023	0.756	1.241	0.765	1.120	1.288	0.907	0.923	0.589	0.882	1.144	0.930	0.996	0.742	1.239	0.772	1.117	1.267	0.935	0.906	0.488	0.842	1.177	0.924	1.030	0.742	1.231	0.765	1.109	1.279	0.930	0.935	0.518	0.875	1.159	0.920	0.999	0.755	1.229	0.766	1.149	1.258	0.961	1.055	0.479	0.833	1.167	0.907	1.002	0.715	1.251	0.805	1.125	1.236	0.841												
27:00:01													1.028	0.691	0.786	1.188	0.868	1.077	0.672	1.267	0.782	1.182	1.258	0.999	0.928	0.453	0.858	1.138	0.861	1.036	0.756	1.253	0.774	1.123	1.294	0.915	0.926	0.598	0.881	1.151	0.929	1.002	0.744	1.242	0.775	1.129	1.269	0.939	0.910	0.493	0.843	1.180	0.924	1.034	0.744	1.234	0.767	1.118	1.282	0.932	0.939	0.523	0.875	1.167	0.921	1.012	0.758	1.234	0.770	1.153	1.259	0.963	1.053	0.479	0.831	1.168	0.906	1.008	0.715	1.254	0.807	1.135	1.220	0.837												
27:20:01													1.024	0.702	0.783	1.191	0.865	1.097	0.674	1.268	0.785	1.199	1.259	0.994	0.933	0.455	0.857	1.146	0.864	1.043	0.758	1.263	0.784	1.111	1.295	0.927	0.928	0.604	0.879	1.152	0.918	1.011	0.747	1.247	0.782	1.134	1.270	0.940	0.914	0.496	0.843	1.188	0.925	1.037	0.747	1.242	0.771	1.133	1.284	0.941	0.943	0.523	0.872	1.175	0.920	1.023	0.760	1.242	0.779	1.152	1.264	0.967	1.053	0.475	0.829	1.166	0.905	1.020	0.715	1.258	0.808	1.151	1.210	0.838												
27:40:01													1.022	0.709	0.784	1.194	0.867	1.105	0.677	1.267	0.785	1.213	1.262	0.978	0.936	0.456	0.855	1.151	0.879	1.032	0.754	1.268	0.789	1.143	1.294	0.942	0.931	0.609	0.879	1.157	0.889	1.014	0.749	1.251	0.785	1.135	1.271	0.932	0.916	0.505	0.844	1.192	0.924	1.041	0.748	1.245	0.776	1.143	1.284	0.946	0.948	0.533	0.872	1.184	0.921	1.036	0.763	1.249	0.783	1.156	1.265	0.978	1.049	0.472	0.827	1.167	0.904	1.023	0.714	1.260	0.807	1.176	1.200	0.836												
28:00:01													1.019	0.722	0.783	1.197	0.866	1.106	0.677	1.265	0.786	1.219	1.264	0.964	0.939	0.458	0.854	1.151	0.886	1.029	0.753	1.271	0.795	1.158	1.294	0.964	0.934	0.614	0.878	1.163	0.898	1.012	0.752	1.254	0.788	1.141	1.271	0.930	0.919	0.511	0.844	1.194	0.924	1.046	0.750	1.255	0.781	1.146	1.285	0.952	0.952	0.539	0.871	1.190	0.920	1.048	0.766	1.258	0.788	1.162	1.266	0.985	1.047	0.471	0.826	1.169	0.903	1.027	0.713	1.261	0.806	1.192	1.192	0.837												
28:20:01													1.017	0.732	0.782	1.199	0.865	1.114	0.678	1.265	0.785	1.220	1.251	0.940	0.943	0.460	0.853	1.153	0.895	1.032	0.750	1.276	0.799	1.168	1.295	0.986	0.936	0.620	0.876	1.168	0.894	1.017	0.753	1.259	0.791	1.153	1.272	0.930	0.922	0.518	0.845	1.195	0.924	1.066	0.751	1.260	0.783	1.146	1.286	0.954	0.957	0.545	0.869	1.198	0.919	1.057	0.767	1.264	0.791	1.181	1.267	0.985	1.044	0.468	0.825	1.169	0.902	1.028	0.712	1.262	0.804	1.212	1.191	0.834												
28:40:01													1.014	0.741	0.779	1.202	0.863	1.103	0.676	1.263	0.784	1.223	1.216	0.915	0.947	0.464	0.854	1.157	0.903	1.035	0.750	1.280	0.803	1.184	1.295	0.997	0.939	0.624	0.874	1.173	0.891	1.027	0.754	1.265	0.794	1.172	1.272	0.931	0.926	0.522	0.846	1.194	0.923	1.068	0.753	1.265	0.786	1.159	1.288	0.954	0.962	0.546	0.866	1.202	0.917	1.066	0.768	1.272	0.793	1.193	1.270	0.988	1.044	0.467	0.826	1.166	0.900	1.030	0.711	1.261	0.802	1.222	1.196	0.831												
29:00:01													1.013	0.754	0.781	1.202	0.864	1.106	0.677	1.264	0.780	1.226	1.227	0.882	0.950	0.466	0.851	1.162	0.904	1.043	0.746	1.294	0.800	1.199	1.296	1.002	0.943	0.626	0.873	1.173	0.915	1.026	0.755	1.269	0.794	1.185	1.272	0.932	0.928	0.531	0.846	1.194	0.922	1.080	0.752	1.267	0.788	1.170	1.285	0.951	0.969	0.557	0.865	1.205	0.917	1.074	0.768	1.279	0.795	1.206	1.274	0.990	1.040	0.466	0.825	1.166	0.899	1.034	0.710	1.259	0.799	1.230	1.196	0.830												
29:20:01													1.011	0.761	0.779	1.204	0.863	1.112	0.677	1.265	0.777	1.230	1.224	0.871	0.954	0.470	0.850	1.167	0.905	1.045	0.744	1.297	0.800	1.209	1.297	1.008	0.947	0.630	0.872	1.176	0.929	1.029	0.755	1.278	0.796	1.198	1.272	0.937	0.931	0.538	0.847	1.196	0.922	1.083	0.753	1.276	0.789	1.180	1.287	0.949	0.976	0.565	0.864	1.209	0.915	1.082	0.770	1.285	0.796	1.216	1.273	1.000	1.038	0.464	0.825	1.166	0.897	1.040	0.708	1.262	0.795	1.233	1.210	0.827												
29:40:01													1.009	0.740	0.778	1.206	0.862	1.112	0.676	1.262	0.775	1.230	1.219	0.856	0.961	0.474	0.850	1.172	0.905	1.050	0.743	1.305	0.798	1.221	1.295	1.011	0.957	0.630	0.870	1.181	0.937	1.031	0.754	1.286	0.796	1.209	1.273	0.956	0.934	0.545	0.848	1.200	0.921	1.091	0.753	1.282	0.790	1.191	1.286	0.950	0.979	0.572	0.862	1.215	0.914	1.086	0.770	1.291	0.797	1.234	1.277	1.014	1.036	0.462	0.828	1.169	0.896	1.045	0.707	1.263	0.792	1.234	1.217	0.826												
30:00:01													1.006	0.751	0.775	1.208	0.860	1.112	0.675	1.270	0.774	1.231	1.190	0.853	0.972	0.479	0.850	1.176	0.905	1.056	0.743	1.309	0.798	1.230	1.300	1.013	0.966	0.635	0.868	1.186	0.953	1.040	0.754	1.296	0.797	1.220	1.272	0.974	0.939	0.549	0.849	1.210	0.922	1.096	0.754	1.290	0.790	1.202	1.285	0.954	0.984	0.574	0.859	1.216	0.911	1.090	0.769	1.296	0.797	1.245	1.280	1.028	1.036	0.459	0.827	1.165	0.894	1.048	0.705	1.262	0.790	1.232	1.220	0.823												
30:20:01													1.005	0.765	0.776	1.207	0.861	1.113	0.676	1.270	0.770	1.230	1.153	0.861	0.981	0.482	0.848	1.181	0.905	1.054	0.740	1.311	0.795	1.238	1.294	0.982	0.975	0.632	0.867	1.191	0.960	1.045	0.753	1.304	0.796	1.229	1.273	0.986	0.944	0.558	0.851	1.215	0.921	1.101	0.753	1.296	0.791	1.213	1.285	0.959	0.990	0.594	0.858	1.217	0.910	1.099	0.769	1.301	0.796	1.255	1.282	1.031	1.032	0.460	0.825	1.165	0.894	1.053	0.703	1.259	0.787	1.234	1.236	0.822												
30:40:01													1.003	0.761	0.775	1.208	0.860	1.116	0.675	1.284	0.768	1.232	1.142	0.861	0.991	0.487	0.847	1.187	0.905	1.053	0.739	1.314	0.792	1.243	1.298	0.939	0.983	0.635	0.866	1.194	0.965	1.045	0.752	1.311	0.795	1.237	1.273	0.996	0.955	0.564	0.852	1.217	0.921	1.107	0.753	1.304	0.792	1.224	1.285	0.963	0.996	0.613	0.857	1.218	0.909	1.104	0.768	1.310	0.795	1.263	1.285	1.033	1.030	0.458	0.826	1.164	0.893	1.053	0.702	1.259	0.784	1.234	1.238	0.820												
31:00:01													1.002	0.771	0.773	1.209	0.859	1.119	0.674	1.289	0.766	1.231	1.139	0.865	0.999	0.493	0.846	1.192	0.905	1.053	0.738	1.316	0.790	1.248	1.300	0.894	0.987	0.658	0.865	1.200	0.966	1.049	0.750	1.318	0.794	1.244	1.273	1.004	0.962	0.571	0.854	1.218	0.922	1.112	0.753	1.311	0.792	1.232	1.286	0.970	1.001	0.625	0.855	1.217	0.908	1.111	0.767	1.319	0.792	1.269	1.289	1.038	1.029	0.459	0.829	1.165	0.891	1.052	0.700	1.255	0.782	1.234	1.232	0.819												
31:20:01													0.998	0.783	0.774	1.212	0.859	1.123	0.672	1.288	0.764	1.232	1.145	0.865	1.002	0.507	0.845	1.196	0.905	1.056	0.735	1.319	0.787	1.251	1.299	0.880	0.988	0.645	0.864	1.204	0.965	1.054	0.748	1.324	0.793	1.251	1.270	1.010	0.971	0.585	0.855	1.220	0.921	1.121	0.752	1.318	0.792	1.239	1.284	0.975	1.006	0.643	0.855	1.219	0.907	1.115	0.765	1.326	0.790	1.274	1.291	1.041	1.028	0.460	0.832	1.167	0.889	1.055	0.699	1.251	0.780	1.229	1.214	0.816												
31:40:01													0.996	0.790	0.772	1.212	0.858	1.125	0.672	1.282	0.762	1.233	1.161	0.868	1.001	0.515	0.844	1.199	0.905	1.059	0.733	1.319	0.786	1.251	1.298	0.864	0.986	0.644	0.862	1.209	0.963	1.055	0.746	1.330	0.791	1.256	1.269	1.014	0.979	0.591	0.857	1.222	0.921	1.129	0.750	1.323	0.791	1.246	1.284	0.981	1.007	0.652	0.854	1.220	0.905	1.119	0.762	1.333	0.788	1.278	1.292	1.034	1.026	0.461	0.830	1.170	0.887	1.055	0.697	1.252	0.777	1.229	1.213	0.817												
32:00:01													0.993	0.767	0.771	1.211	0.857	1.124	0.671	1.288	0.760	1.233	1.165	0.872	0.999	0.528	0.843	1.202	0.905	1.058	0.732	1.320	0.783	1.249	1.298	0.859	0.983	0.646	0.861	1.214	0.961	1.056	0.743	1.336	0.789	1.261	1.269	1.016	0.987	0.599	0.858	1.225	0.921	1.132	0.749	1.327	0.790	1.252	1.282	0.984	1.008	0.661	0.852	1.221	0.904	1.121	0.760	1.338	0.785	1.280	1.293	0.994	1.024	0.463	0.830	1.173	0.886	1.055	0.696	1.256	0.775	1.228	1.220	0.812												
32:20:01													0.992	0.764	0.769	1.210	0.856	1.129	0.672	1.306	0.757	1.235	1.173	0.877	0.997	0.533	0.842	1.200	0.907	1.062	0.732	1.321	0.782	1.249	1.309	0.852	0.980	0.654	0.861	1.217	0.960	1.059	0.743	1.340	0.787	1.264	1.271	1.020	0.988	0.609	0.860	1.227	0.923	1.135	0.749	1.331	0.788	1.259	1.285	0.995	1.006	0.662	0.850	1.223	0.903	1.123	0.757	1.341	0.784	1.283	1.296	0.933	1.021	0.460	0.831	1.177	0.885	1.055	0.696	1.264	0.772	1.232	1.224	0.816												
32:40:01													0.990	0.774	0.768	1.209	0.855	1.130	0.671	1.324	0.755	1.234	1.178	0.879	0.995	0.545	0.841	1.201	0.908	1.061	0.731	1.320	0.781	1.248	1.315	0.856	0.977	0.670	0.859	1.218	0.958	1.060	0.741	1.342	0.785	1.267	1.268	1.022	0.987	0.623	0.859	1.229	0.923	1.141	0.747	1.334	0.787	1.264	1.286	1.002	1.006	0.668	0.849	1.224	0.902	1.124	0.755	1.342	0.782	1.282	1.298	0.902	1.019	0.460	0.830	1.183	0.884	1.056	0.695	1.271	0.771	1.231	1.220	0.817												
33:00:01													0.987	0.782	0.767	1.208	0.854	1.132	0.671	1.333	0.754	1.236	1.173	0.882	0.993	0.558	0.841	1.201	0.908	1.060	0.730	1.321	0.780	1.247	1.312	0.862	0.974	0.685	0.858	1.218	0.957	1.061	0.740	1.343	0.784	1.269	1.266	1.022	0.985	0.633	0.859	1.231	0.923	1.144	0.746	1.334	0.785	1.268	1.287	1.008	1.005	0.672	0.848	1.226	0.901	1.124	0.753	1.343	0.780	1.281	1.295	0.894	1.018	0.462	0.832	1.188	0.882	1.060	0.694	1.278	0.769	1.231	1.220	0.820												
33:20:01													0.986	0.791	0.766	1.203	0.853	1.131	0.671	1.340	0.752	1.236	1.185	0.880	0.989	0.571	0.840	1.202	0.909	1.063	0.728	1.322	0.779	1.247	1.315	0.875	0.971	0.706	0.857	1.219	0.956	1.061	0.739	1.344	0.783	1.271	1.265	1.023	0.983	0.640	0.859	1.233	0.923	1.146	0.744	1.335	0.784	1.272	1.285	1.021	1.003	0.675	0.847	1.227	0.900	1.125	0.751	1.344	0.778	1.281	1.294	0.897	1.016	0.464	0.831	1.193	0.881	1.060	0.693	1.285	0.767	1.229	1.219	0.821												
33:40:01													0.984	0.800	0.765	1.198	0.852	1.133	0.670	1.341	0.751	1.235	1.200	0.884	0.987	0.584	0.839	1.204	0.909	1.065	0.727	1.322	0.778	1.246	1.314	0.882	0.969	0.716	0.856	1.220	0.955	1.060	0.738	1.345	0.782	1.270	1.265	1.022	0.981	0.646	0.858	1.235	0.922	1.147	0.743	1.336	0.782	1.276	1.283	1.027	1.002	0.677	0.847	1.228	0.898	1.125	0.749	1.344	0.776	1.280	1.290	0.918	1.014	0.466	0.833	1.190	0.879	1.062	0.693	1.289	0.766	1.230	1.216	0.821												
34:00:01													0.981	0.807	0.764	1.198	0.851	1.131	0.670	1.343	0.750	1.235	1.194	0.882	0.985	0.596	0.838	1.205	0.908	1.066	0.726	1.322	0.776	1.246	1.306	0.891	0.967	0.727	0.855	1.220	0.954	1.061	0.737	1.345	0.781	1.269	1.262	1.020	0.978	0.650	0.858	1.236	0.922	1.148	0.742	1.336	0.781	1.279	1.280	1.024	1.002	0.678	0.846	1.229	0.897	1.127	0.748	1.345	0.774	1.279	1.284	0.937	1.013	0.467	0.833	1.165	0.878	1.063	0.691	1.296	0.764	1.230	1.215	0.822												
34:20:01													0.980	0.811	0.763	1.200	0.850	1.127	0.670	1.343	0.749	1.234	1.194	0.883	0.983	0.605	0.838	1.206	0.908	1.066	0.725	1.323	0.775	1.246	1.302	0.886	0.964	0.750	0.855	1.221	0.953	1.064	0.736	1.346	0.781	1.270	1.263	1.017	0.976	0.653	0.857	1.237	0.921	1.149	0.741	1.337	0.780	1.282	1.277	1.020	1.002	0.678	0.846	1.231	0.897	1.127	0.747	1.345	0.773	1.279	1.277	0.954	1.012	0.469	0.833	1.121	0.877	1.063	0.691	1.304	0.763	1.229	1.214	0.822												
34:40:01													0.979	0.814	0.762	1.202	0.849	1.123	0.669	1.339	0.748	1.230	1.193	0.884	0.982	0.611	0.837	1.206	0.907	1.069	0.724	1.322	0.773	1.243	1.299	0.875	0.962	0.751	0.854	1.222	0.953	1.064	0.735	1.346	0.780	1.270	1.263	1.012	0.974	0.655	0.856	1.237	0.920	1.150	0.740	1.336	0.779	1.282	1.275	1.026	1.001	0.679	0.846	1.231	0.896	1.129	0.745	1.346	0.772	1.278	1.274	0.971	1.010	0.471	0.836	1.076	0.876	1.066	0.690	1.308	0.762	1.228	1.211	0.826												
35:00:01													0.976	0.817	0.761	1.203	0.848	1.120	0.669	1.327	0.746	1.228	1.194	0.880	0.979	0.616	0.836	1.207	0.907	1.069	0.723	1.322	0.771	1.241	1.299	0.863	0.959	0.764	0.853	1.222	0.953	1.063	0.733	1.346	0.779	1.269	1.263	1.006	0.972	0.657	0.855	1.237	0.919	1.151	0.739	1.336	0.778	1.282	1.272	1.026	0.998	0.678	0.845	1.230	0.895	1.129	0.744	1.345	0.771	1.277	1.272	0.926	1.009	0.475	0.835	1.047	0.875	1.065	0.689	1.312	0.760	1.227	1.213	0.827												
35:20:01													0.975	0.818	0.760	1.207	0.847	1.117	0.669	1.315	0.745	1.224	1.192	0.882	0.977	0.620	0.835	1.208	0.906	1.071	0.722	1.323	0.771	1.242	1.305	0.858	0.957	0.768	0.852	1.223	0.952	1.063	0.733	1.346	0.777	1.268	1.266	0.994	0.969	0.657	0.855	1.238	0.918	1.151	0.738	1.335	0.777	1.280	1.269	1.022	0.998	0.677	0.845	1.230	0.893	1.131	0.742	1.345	0.769	1.277	1.268	0.910	1.008	0.478	0.835	1.038	0.874	1.063	0.688	1.315	0.759	1.225	1.216	0.830												
35:40:01													0.973	0.819	0.759	1.212	0.846	1.121	0.668	1.291	0.744	1.219	1.190	0.877	0.975	0.623	0.835	1.208	0.906	1.071	0.722	1.321	0.769	1.240	1.308	0.860	0.955	0.770	0.852	1.224	0.952	1.063	0.732	1.346	0.776	1.267	1.267	0.978	0.967	0.658	0.854	1.238	0.917	1.151	0.737	1.335	0.776	1.280	1.267	1.020	0.998	0.676	0.845	1.231	0.893	1.129	0.741	1.345	0.768	1.276	1.267	0.910	1.007	0.482	0.833	1.046	0.872	1.063	0.688	1.314	0.758	1.223	1.208	0.829												
36:00:01													0.972	0.818	0.759	1.215	0.845	1.128	0.668	1.245	0.743	1.212	1.189	0.875	0.973	0.625	0.834	1.207	0.905	1.069	0.722	1.320	0.768	1.240	1.310	0.862	0.953	0.771	0.851	1.223	0.952	1.063	0.732	1.346	0.775	1.266	1.268	0.960	0.965	0.657	0.853	1.239	0.916	1.152	0.736	1.335	0.775	1.280	1.265	1.014	0.996	0.676	0.845	1.230	0.892	1.128	0.740	1.346	0.766	1.275	1.265	0.911	1.005	0.485	0.833	1.059	0.871	1.056	0.687	1.314	0.757	1.220	1.204	0.831												
36:20:02													0.970	0.819	0.757	1.218	0.843	1.137	0.668	1.219	0.742	1.207	1.187	0.871	0.972	0.625	0.834	1.207	0.905	1.066	0.722	1.319	0.767	1.238	1.307	0.870	0.950	0.775	0.851	1.223	0.951	1.062	0.731	1.346	0.775	1.264	1.270	0.945	0.963	0.657	0.853	1.238	0.916	1.152	0.736	1.335	0.774	1.280	1.266	1.012	0.995	0.675	0.844	1.231	0.891	1.128	0.739	1.345	0.765	1.274	1.263	0.914	1.004	0.490	0.837	1.070	0.871	1.056	0.686	1.315	0.756	1.214	1.202	0.832												
36:40:02													0.969	0.819	0.757	1.220	0.842	1.145	0.669	1.214	0.741	1.203	1.187	0.868	0.969	0.626	0.833	1.208	0.904	1.068	0.721	1.317	0.766	1.237	1.294	0.877	0.948	0.780	0.850	1.223	0.952	1.062	0.730	1.345	0.775	1.262	1.272	0.947	0.961	0.657	0.852	1.239	0.915	1.153	0.735	1.334	0.773	1.279	1.263	1.007	0.996	0.675	0.843	1.230	0.890	1.128	0.738	1.345	0.764	1.272	1.264	0.912	1.003	0.493	0.836	1.081	0.870	1.061	0.686	1.320	0.755	1.209	1.202	0.832												
37:00:02													0.966	0.818	0.756	1.222	0.840	1.155	0.668	1.210	0.740	1.200	1.187	0.863	0.967	0.626	0.833	1.207	0.903	1.074	0.720	1.313	0.765	1.235	1.289	0.879	0.946	0.776	0.849	1.223	0.951	1.063	0.729	1.344	0.774	1.261	1.272	0.948	0.959	0.656	0.852	1.238	0.914	1.153	0.734	1.334	0.772	1.278	1.262	1.001	0.997	0.674	0.842	1.230	0.889	1.126	0.737	1.344	0.763	1.271	1.264	0.912	1.002	0.498	0.839	1.093	0.869	1.067	0.685	1.320	0.754	1.202	1.201	0.834												
37:20:02													0.964	0.818	0.755	1.226	0.839	1.166	0.668	1.210	0.739	1.200	1.186	0.859	0.966	0.626	0.833	1.207	0.903	1.082	0.720	1.308	0.764	1.233	1.286	0.880	0.944	0.781	0.849	1.223	0.951	1.061	0.729	1.344	0.773	1.260	1.273	0.946	0.956	0.655	0.851	1.238	0.914	1.153	0.734	1.333	0.772	1.276	1.262	0.995	0.995	0.673	0.842	1.230	0.889	1.126	0.737	1.344	0.762	1.270	1.263	0.915	1.001	0.505	0.836	1.103	0.868	1.073	0.684	1.318	0.754	1.195	1.198	0.832												
37:40:02													0.964	0.817	0.755	1.229	0.839	1.177	0.668	1.221	0.739	1.201	1.186	0.856	0.964	0.626	0.832	1.207	0.903	1.091	0.720	1.304	0.763	1.232	1.284	0.880	0.942	0.788	0.849	1.223	0.951	1.062	0.729	1.344	0.773	1.258	1.272	0.942	0.954	0.655	0.851	1.239	0.914	1.152	0.734	1.333	0.771	1.275	1.264	0.990	0.981	0.672	0.841	1.229	0.888	1.125	0.736	1.345	0.761	1.268	1.261	0.916	1.000	0.509	0.835	1.111	0.867	1.081	0.684	1.313	0.753	1.190	1.197	0.832												
38:00:02													0.963	0.817	0.754	1.231	0.837	1.190	0.668	1.221	0.738	1.204	1.187	0.853	0.963	0.626	0.832	1.206	0.903	1.096	0.720	1.299	0.762	1.228	1.281	0.878	0.941	0.797	0.849	1.223	0.951	1.061	0.728	1.343	0.773	1.256	1.270	0.941	0.952	0.654	0.851	1.238	0.913	1.150	0.733	1.333	0.770	1.273	1.264	0.984	0.990	0.671	0.841	1.228	0.888	1.124	0.735	1.343	0.760	1.266	1.259	0.915	1.000	0.515	0.837	1.118	0.866	1.084	0.684	1.310	0.753	1.188	1.195	0.835												
38:20:02													0.962	0.816	0.753	1.232	0.836	1.199	0.667	1.226	0.737	1.206	1.186	0.849	0.962	0.625	0.831	1.206	0.902	1.104	0.720	1.294	0.761	1.227	1.280	0.876	0.939	0.794	0.848	1.222	0.951	1.060	0.728	1.342	0.772	1.254	1.270	0.941	0.950	0.653	0.850	1.238	0.912	1.150	0.732	1.332	0.770	1.271	1.262	0.976	0.998	0.670	0.841	1.226	0.887	1.124	0.735	1.343	0.760	1.265	1.256	0.914	0.999	0.521	0.840	1.124	0.865	1.092	0.683	1.306	0.752	1.183	1.194	0.834												
38:40:02													0.960	0.816	0.753	1.234	0.836	1.209	0.665	1.229	0.737	1.207	1.188	0.845	0.961	0.625	0.831	1.206	0.902	1.111	0.719	1.290	0.761	1.224	1.279	0.874	0.937	0.795	0.848	1.222	0.951	1.059	0.728	1.341	0.772	1.252	1.271	0.934	0.949	0.653	0.850	1.237	0.912	1.150	0.732	1.331	0.769	1.269	1.259	0.974	1.006	0.669	0.840	1.225	0.887	1.122	0.734	1.341	0.759	1.262	1.257	0.914	0.998	0.526	0.839	1.128	0.864	1.098	0.683	1.300	0.752	1.180	1.196	0.834												
39:00:02													0.958	0.815	0.750	1.234	0.833	1.220	0.664	1.232	0.737	1.211	1.186	0.842	0.959	0.625	0.831	1.205	0.902	1.117	0.721	1.290	0.762	1.220	1.280	0.873	0.936	0.795	0.847	1.221	0.949	1.060	0.728	1.340	0.773	1.250	1.271	0.920	0.948	0.650	0.849	1.236	0.911	1.150	0.733	1.330	0.769	1.266	1.260	0.968	1.019	0.667	0.838	1.223	0.885	1.121	0.733	1.340	0.760	1.260	1.260	0.911	0.998	0.526	0.839	1.131	0.864	1.104	0.683	1.294	0.752	1.178	1.197	0.832												
39:20:02													0.957	0.815	0.751	1.234	0.834	1.227	0.663	1.238	0.735	1.216	1.186	0.835	0.957	0.624	0.830	1.204	0.900	1.121	0.719	1.287	0.759	1.216	1.280	0.869	0.934	0.784	0.847	1.220	0.950	1.060	0.727	1.339	0.771	1.247	1.275	0.893	0.945	0.651	0.848	1.235	0.911	1.148	0.732	1.328	0.768	1.264	1.255	0.956	1.011	0.667	0.839	1.222	0.885	1.119	0.733	1.338	0.758	1.257	1.258	0.909	0.996	0.536	0.837	1.135	0.863	1.108	0.682	1.291	0.751	1.178	1.197	0.833												
39:40:02													0.956	0.814	0.750	1.234	0.834	1.234	0.661	1.244	0.734	1.216	1.181	0.831	0.957	0.624	0.829	1.202	0.899	1.125	0.719	1.285	0.758	1.213	1.280	0.867	0.933	0.770	0.847	1.220	0.949	1.058	0.727	1.337	0.771	1.244	1.276	0.884	0.944	0.650	0.848	1.234	0.910	1.147	0.731	1.327	0.768	1.262	1.254	0.956	1.014	0.666	0.838	1.218	0.885	1.117	0.732	1.335	0.758	1.255	1.258	0.908	0.996	0.544	0.840	1.138	0.862	1.113	0.682	1.284	0.750	1.178	1.197	0.831												
40:00:02													0.955	0.814	0.749	1.233	0.833	1.239	0.659	1.246	0.734	1.216	1.174	0.827	0.955	0.623	0.829	1.202	0.899	1.128	0.718	1.285	0.757	1.210	1.277	0.865	0.931	0.767	0.847	1.218	0.948	1.057	0.726	1.335	0.770	1.241	1.278	0.885	0.943	0.649	0.847	1.232	0.910	1.146	0.730	1.325	0.768	1.259	1.254	0.961	1.008	0.665	0.838	1.217	0.884	1.116	0.732	1.331	0.757	1.251	1.259	0.902	0.995	0.547	0.840	1.142	0.861	1.121	0.681	1.275	0.750	1.177	1.197	0.829												
40:20:02													0.953	0.813	0.746	1.232	0.830	1.237	0.657	1.247	0.734	1.218	1.169	0.824	0.954	0.623	0.829	1.201	0.899	1.131	0.720	1.286	0.759	1.205	1.278	0.863	0.929	0.772	0.846	1.217	0.947	1.057	0.726	1.333	0.771	1.238	1.276	0.895	0.942	0.647	0.847	1.230	0.910	1.145	0.731	1.324	0.768	1.256	1.254	0.966	1.008	0.663	0.836	1.215	0.882	1.114	0.731	1.327	0.757	1.244	1.262	0.900	0.995	0.549	0.839	1.143	0.861	1.124	0.682	1.270	0.751	1.184	1.198	0.828												
40:40:02													0.952	0.813	0.746	1.231	0.830	1.227	0.656	1.248	0.734	1.219	1.165	0.821	0.953	0.622	0.829	1.200	0.899	1.135	0.720	1.285	0.758	1.201	1.278	0.860	0.928	0.774	0.845	1.216	0.947	1.053	0.726	1.331	0.771	1.236	1.272	0.899	0.941	0.646	0.846	1.231	0.909	1.143	0.731	1.322	0.767	1.253	1.256	0.964	1.011	0.663	0.835	1.212	0.881	1.113	0.731	1.322	0.757	1.242	1.262	0.896	0.995	0.553	0.839	1.145	0.860	1.127	0.682	1.265	0.750	1.192	1.197	0.826												
41:00:02													0.951	0.812	0.746	1.230	0.830	1.207	0.654	1.252	0.733	1.225	1.161	0.818	0.952	0.621	0.828	1.199	0.898	1.138	0.720	1.285	0.758	1.196	1.277	0.857	0.927	0.785	0.845	1.214	0.946	1.055	0.725	1.329	0.770	1.232	1.269	0.898	0.939	0.645	0.846	1.228	0.909	1.141	0.731	1.321	0.767	1.250	1.258	0.960	1.014	0.662	0.835	1.211	0.881	1.110	0.730	1.317	0.757	1.235	1.262	0.893	0.994	0.557	0.839	1.147	0.859	1.129	0.681	1.259	0.750	1.198	1.195	0.823												
41:20:02													0.950	0.812	0.749	1.229	0.832	1.188	0.653	1.251	0.731	1.226	1.158	0.816	0.951	0.620	0.827	1.198	0.897	1.140	0.718	1.284	0.755	1.190	1.280	0.853	0.926	0.791	0.845	1.213	0.946	1.050	0.725	1.327	0.768	1.228	1.264	0.894	0.937	0.645	0.845	1.226	0.908	1.140	0.729	1.319	0.767	1.247	1.256	0.953	1.017	0.663	0.836	1.212	0.883	1.106	0.730	1.313	0.755	1.234	1.262	0.886	0.993	0.567	0.839	1.145	0.859	1.122	0.681	1.253	0.749	1.202	1.192	0.820												
41:40:02													0.948	0.812	0.748	1.226	0.829	1.154	0.652	1.250	0.732	1.230	1.153	0.814	0.949	0.620	0.828	1.196	0.897	1.142	0.719	1.284	0.757	1.186	1.281	0.852	0.924	0.795	0.844	1.212	0.944	1.048	0.724	1.324	0.769	1.223	1.263	0.892	0.937	0.644	0.845	1.226	0.908	1.138	0.730	1.318	0.767	1.243	1.259	0.959	1.020	0.661	0.834	1.213	0.881	1.106	0.729	1.308	0.755	1.231	1.259	0.883	0.993	0.566	0.840	1.142	0.858	1.095	0.681	1.249	0.750	1.205	1.188	0.819												
42:00:02													0.947	0.811	0.748	1.225	0.829	1.126	0.651	1.247	0.732	1.232	1.150	0.810	0.948	0.619	0.828	1.195	0.897	1.140	0.719	1.284	0.756	1.181	1.285	0.849	0.924	0.799	0.844	1.210	0.944	1.048	0.724	1.322	0.769	1.220	1.262	0.888	0.936	0.643	0.844	1.223	0.908	1.134	0.730	1.315	0.766	1.240	1.256	0.963	1.022	0.660	0.834	1.216	0.880	1.103	0.728	1.305	0.755	1.225	1.250	0.879	0.992	0.571	0.840	1.139	0.857	1.051	0.681	1.246	0.750	1.208	1.188	0.816												
42:20:02													0.946	0.811	0.750	1.223	0.831	1.102	0.650	1.242	0.731	1.230	1.148	0.805	0.947	0.618	0.825	1.193	0.895	1.135	0.718	1.282	0.754	1.178	1.283	0.845	0.923	0.796	0.844	1.208	0.944	1.046	0.724	1.319	0.766	1.216	1.259	0.888	0.933	0.643	0.844	1.221	0.908	1.128	0.729	1.312	0.765	1.236	1.255	0.961	1.024	0.660	0.834	1.219	0.881	1.100	0.728	1.302	0.754	1.221	1.223	0.874	0.991	0.578	0.840	1.137	0.857	1.004	0.680	1.244	0.748	1.208	1.186	0.813												
42:40:02													0.946	0.810	0.750	1.221	0.830	1.074	0.649	1.239	0.730	1.235	1.145	0.804	0.946	0.617	0.825	1.192	0.895	1.128	0.718	1.281	0.754	1.171	1.283	0.842	0.921	0.794	0.843	1.207	0.943	1.040	0.723	1.316	0.766	1.212	1.257	0.889	0.932	0.642	0.843	1.220	0.907	1.128	0.728	1.310	0.765	1.232	1.252	0.961	1.025	0.660	0.834	1.222	0.881	1.099	0.728	1.300	0.753	1.214	1.217	0.871	0.990	0.582	0.840	1.136	0.856	0.959	0.679	1.243	0.748	1.210	1.185	0.809												
43:00:02													0.945	0.810	0.751	1.219	0.830	1.052	0.649	1.235	0.730	1.238	1.145	0.804	0.946	0.617	0.825	1.190	0.894	1.116	0.717	1.281	0.753	1.164	1.281	0.838	0.921	0.792	0.843	1.205	0.942	1.038	0.723	1.312	0.765	1.207	1.256	0.886	0.931	0.641	0.843	1.219	0.907	1.123	0.727	1.307	0.765	1.228	1.248	0.960	1.027	0.659	0.833	1.222	0.880	1.095	0.728	1.297	0.753	1.211	1.219	0.866	0.990	0.584	0.838	1.135	0.856	0.931	0.679	1.240	0.747	1.210	1.186	0.807												
43:20:02													0.944	0.810	0.750	1.217	0.827	1.027	0.650	1.232	0.731	1.239	1.145	0.803	0.946	0.617	0.826	1.189	0.895	1.101	0.719	1.281	0.756	1.163	1.282	0.837	0.921	0.799	0.842	1.204	0.940	1.037	0.723	1.310	0.766	1.204	1.254	0.888	0.932	0.639	0.843	1.218	0.907	1.119	0.729	1.305	0.765	1.225	1.246	0.960	1.032	0.658	0.832	1.222	0.879	1.091	0.727	1.296	0.753	1.206	1.224	0.866	0.991	0.585	0.840	1.135	0.855	0.915	0.680	1.241	0.748	1.208	1.184	0.805												
43:40:02													0.943	0.810	0.750	1.215	0.827	1.014	0.649	1.229	0.731	1.240	1.148	0.800	0.945	0.616	0.825	1.187	0.894	1.084	0.719	1.279	0.755	1.157	1.280	0.833	0.919	0.814	0.842	1.202	0.940	1.036	0.722	1.307	0.766	1.198	1.252	0.894	0.931	0.639	0.842	1.216	0.906	1.114	0.729	1.302	0.764	1.221	1.244	0.958	1.033	0.657	0.831	1.221	0.878	1.086	0.726	1.294	0.752	1.199	1.226	0.864	0.990	0.589	0.841	1.134	0.854	0.911	0.679	1.238	0.747	1.209	1.184	0.802												
44:00:02													0.943	0.810	0.750	1.213	0.826	1.002	0.650	1.227	0.731	1.243	1.150	0.794	0.943	0.616	0.825	1.186	0.893	1.066	0.719	1.278	0.755	1.150	1.280	0.828	0.919	0.823	0.842	1.200	0.939	1.034	0.722	1.304	0.765	1.194	1.247	0.899	0.930	0.638	0.842	1.213	0.906	1.111	0.728	1.299	0.763	1.217	1.244	0.952	1.033	0.657	0.830	1.221	0.878	1.083	0.725	1.293	0.752	1.193	1.230	0.861	0.990	0.592	0.841	1.134	0.854	0.916	0.678	1.243	0.748	1.206	1.182	0.799												
44:20:02													0.942	0.810	0.750	1.212	0.826	0.994	0.649	1.223	0.731	1.243	1.147	0.790	0.943	0.615	0.825	1.183	0.893	1.048	0.719	1.276	0.755	1.149	1.281	0.826	0.918	0.829	0.841	1.198	0.938	1.032	0.722	1.300	0.764	1.190	1.246	0.896	0.929	0.637	0.841	1.212	0.905	1.108	0.728	1.296	0.763	1.212	1.243	0.945	1.035	0.656	0.830	1.220	0.877	1.082	0.724	1.292	0.751	1.188	1.232	0.859	0.989	0.594	0.841	1.133	0.853	0.922	0.678	1.242	0.747	1.198	1.181	0.795												
44:40:02													0.941	0.810	0.750	1.211	0.825	0.992	0.649	1.220	0.731	1.236	1.146	0.787	0.942	0.615	0.824	1.182	0.892	1.033	0.719	1.274	0.755	1.146	1.280	0.823	0.917	0.835	0.841	1.196	0.937	1.029	0.721	1.296	0.764	1.186	1.245	0.890	0.928	0.637	0.841	1.210	0.905	1.107	0.728	1.293	0.762	1.208	1.241	0.933	1.039	0.655	0.830	1.220	0.877	1.078	0.724	1.290	0.751	1.185	1.234	0.856	0.989	0.596	0.841	1.133	0.853	0.930	0.678	1.242	0.746	1.203	1.178	0.791												
45:00:02													0.940	0.810	0.751	1.210	0.826	0.992	0.650	1.217	0.731	1.244	1.143	0.784	0.941	0.614	0.824	1.179	0.892	1.018	0.719	1.272	0.755	1.145	1.281	0.819	0.916	0.842	0.840	1.194	0.937	1.027	0.721	1.293	0.764	1.182	1.243	0.889	0.928	0.637	0.840	1.206	0.905	1.107	0.727	1.290	0.762	1.205	1.243	0.903	1.042	0.655	0.830	1.219	0.876	1.075	0.724	1.289	0.751	1.181	1.238	0.853	0.989	0.598	0.841	1.133	0.852	0.938	0.678	1.236	0.746	1.213	1.176	0.788												
45:20:02													0.940	0.810	0.751	1.209	0.825	0.993	0.650	1.215	0.730	1.252	1.143	0.782	0.941	0.614	0.823	1.176	0.891	1.007	0.719	1.271	0.755	1.142	1.280	0.818	0.915	0.846	0.841	1.193	0.936	1.025	0.721	1.290	0.763	1.177	1.241	0.888	0.927	0.635	0.840	1.204	0.905	1.104	0.727	1.287	0.762	1.201	1.243	0.887	1.041	0.655	0.829	1.218	0.876	1.074	0.723	1.288	0.750	1.176	1.231	0.851	0.988	0.602	0.841	1.133	0.851	0.947	0.677	1.228	0.746	1.210	1.172	0.786												
45:40:02													0.939	0.811	0.751	1.208	0.824	0.996	0.650	1.212	0.730	1.260	1.141	0.777	0.939	0.613	0.823	1.175	0.891	0.999	0.719	1.269	0.754	1.138	1.280	0.814	0.914	0.848	0.840	1.190	0.935	1.025	0.720	1.286	0.763	1.175	1.239	0.886	0.925	0.634	0.839	1.202	0.905	1.103	0.726	1.284	0.761	1.197	1.245	0.881	1.041	0.654	0.828	1.217	0.875	1.076	0.723	1.287	0.750	1.169	1.229	0.847	0.988	0.604	0.843	1.133	0.851	0.955	0.678	1.221	0.746	1.190	1.167	0.783												
46:00:02													0.939	0.811	0.751	1.208	0.824	0.999	0.650	1.210	0.730	1.253	1.139	0.775	0.939	0.613	0.822	1.174	0.890	0.993	0.719	1.268	0.754	1.136	1.279	0.811	0.913	0.848	0.839	1.188	0.934	1.025	0.720	1.283	0.762	1.171	1.237	0.883	0.925	0.634	0.839	1.200	0.904	1.103	0.726	1.281	0.761	1.192	1.245	0.881	1.040	0.654	0.828	1.217	0.875	1.078	0.722	1.287	0.750	1.165	1.230	0.846	0.987	0.606	0.844	1.133	0.850	0.962	0.677	1.216	0.745	1.177	1.166	0.782												
46:20:02													0.938	0.811	0.752	1.207	0.824	1.003	0.650	1.207	0.730	1.243	1.139	0.774	0.938	0.612	0.822	1.172	0.890	0.988	0.718	1.267	0.754	1.134	1.276	0.807	0.913	0.847	0.839	1.187	0.934	1.024	0.720	1.279	0.762	1.166	1.238	0.883	0.924	0.633	0.839	1.198	0.904	1.105	0.726	1.277	0.760	1.190	1.244	0.884	1.040	0.653	0.827	1.216	0.875	1.081	0.722	1.285	0.749	1.163	1.231	0.843	0.987	0.607	0.841	1.132	0.850	0.969	0.677	1.216	0.745	1.151	1.162	0.780												
46:40:02													0.937	0.811	0.752	1.206	0.823	1.008	0.651	1.205	0.729	1.241	1.137	0.774	0.938	0.611	0.821	1.170	0.889	0.986	0.718	1.265	0.754	1.130	1.273	0.804	0.912	0.847	0.838	1.185	0.934	1.024	0.719	1.276	0.761	1.163	1.236	0.879	0.924	0.633	0.838	1.197	0.904	1.103	0.725	1.274	0.760	1.185	1.243	0.887	1.038	0.653	0.826	1.215	0.874	1.083	0.721	1.284	0.748	1.161	1.228	0.842	0.986	0.608	0.842	1.133	0.849	0.977	0.677	1.219	0.745	1.132	1.161	0.778												
47:00:02													0.936	0.812	0.752	1.206	0.822	1.012	0.651	1.202	0.730	1.239	1.135	0.772	0.936	0.611	0.821	1.168	0.888	0.985	0.718	1.264	0.754	1.129	1.272	0.802	0.911	0.847	0.838	1.183	0.933	1.023	0.719	1.272	0.761	1.159	1.233	0.873	0.923	0.632	0.838	1.196	0.903	1.102	0.725	1.271	0.760	1.182	1.240	0.890	1.037	0.653	0.826	1.214	0.874	1.087	0.721	1.282	0.748	1.159	1.228	0.842	0.986	0.610	0.842	1.131	0.848	0.984	0.677	1.223	0.744	1.119	1.159	0.776												
47:20:02													0.935	0.812	0.751	1.205	0.822	1.017	0.652	1.201	0.729	1.235	1.134	0.771	0.935	0.611	0.820	1.166	0.888	0.986	0.718	1.262	0.754	1.129	1.272	0.800	0.910	0.846	0.838	1.180	0.933	1.024	0.718	1.269	0.761	1.155	1.235	0.871	0.922	0.631	0.837	1.195	0.903	1.098	0.725	1.268	0.759	1.179	1.239	0.893	1.035	0.652	0.825	1.212	0.873	1.090	0.720	1.280	0.748	1.157	1.231	0.839	0.985	0.610	0.842	1.131	0.848	0.990	0.677	1.225	0.744	1.116	1.157	0.773												
47:40:02													0.935	0.812	0.752	1.204	0.822	1.022	0.652	1.199	0.729	1.226	1.136	0.767	0.935	0.610	0.820	1.165	0.887	0.988	0.718	1.261	0.754	1.125	1.270	0.798	0.909	0.845	0.838	1.178	0.932	1.024	0.718	1.267	0.760	1.152	1.234	0.866	0.921	0.631	0.837	1.194	0.902	1.096	0.724	1.265	0.759	1.175	1.237	0.896	1.035	0.652	0.825	1.211	0.873	1.092	0.720	1.279	0.747	1.153	1.235	0.837	0.985	0.611	0.843	1.131	0.847	0.997	0.677	1.227	0.744	1.098	1.155	0.775												
48:00:02													0.934	0.812	0.752	1.203	0.822	1.028	0.653	1.197	0.729	1.232	1.131	0.769	0.935	0.610	0.820	1.163	0.886	0.989	0.718	1.259	0.754	1.123	1.270	0.797	0.909	0.845	0.837	1.176	0.932	1.024	0.718	1.264	0.760	1.149	1.231	0.863	0.920	0.631	0.837	1.194	0.902	1.095	0.724	1.262	0.759	1.172	1.235	0.895	1.035	0.652	0.824	1.209	0.872	1.094	0.719	1.277	0.747	1.149	1.235	0.837	0.984	0.612	0.844	1.130	0.846	1.002	0.676	1.229	0.744	1.074	1.151	0.774												

