Field Group

Plate Comment:	
Procedure Summary
  Plate Type:              Corning 96 well for LogPhase600
  Plate Number:            2
  Discontinuous Kinetics:  Runtime 02:00:00 (D:HH:MM), Interval 00:20:00 (HH:MM:SS), 145 Reads (max)
  Read:                    600 nm
  Incubator:               On
    Temperature setpoint:  30 °C
    Temperature gradient:  On
  Shaking:                 On
     Shaking frequency:    600 RPMs		
			
			

600

Time	A1	A2	A3	A4	A5	A6	A7	A8	A9	A10	A11	A12	B1	B2	B3	B4	B5	B6	B7	B8	B9	B10	B11	B12	C1	C2	C3	C4	C5	C6	C7	C8	C9	C10	C11	C12	D1	D2	D3	D4	D5	D6	D7	D8	D9	D10	D11	D12	E1	E2	E3	E4	E5	E6	E7	E8	E9	E10	E11	E12	F1	F2	F3	F4	F5	F6	F7	F8	F9	F10	F11	F12	G1	G2	G3	G4	G5	G6	G7	G8	G9	G10	G11	G12	H1	H2	H3	H4	H5	H6	H7	H8	H9	H10	H11	H12
0:00:00													0.156	0.154	0.152	0.150	0.157	0.154	0.161	0.160	0.163	0.157	0.161	0.315	0.152	0.154	0.152	0.154	0.158	0.147	0.157	0.163	0.157	0.157	0.159	0.316	0.154	0.151	0.159	0.160	0.151	0.153	0.153	0.161	0.162	0.159	0.160	0.157	0.160	0.155	0.158	0.153	0.156	0.155	0.157	0.157	0.159	0.158	0.159	0.155	0.160	0.153	0.159	0.151	0.160	0.154	0.152	0.153	0.153	0.286	0.155	0.156	0.156	0.155	0.158	0.155	0.160	0.153	0.154	0.160	0.161	0.160	0.155	0.157												
0:20:00													0.155	0.154	0.151	0.150	0.155	0.153	0.161	0.158	0.161	0.157	0.160	0.309	0.149	0.153	0.153	0.152	0.156	0.148	0.156	0.161	0.156	0.157	0.158	0.299	0.154	0.151	0.158	0.161	0.150	0.153	0.153	0.160	0.161	0.159	0.159	0.156	0.161	0.154	0.157	0.154	0.155	0.155	0.156	0.156	0.159	0.157	0.158	0.154	0.159	0.153	0.158	0.151	0.159	0.154	0.152	0.153	0.153	0.289	0.155	0.156	0.155	0.155	0.159	0.154	0.160	0.153	0.152	0.159	0.159	0.159	0.154	0.157												
0:40:00													0.155	0.155	0.149	0.149	0.155	0.153	0.161	0.158	0.160	0.157	0.160	0.301	0.149	0.153	0.152	0.152	0.155	0.148	0.156	0.161	0.156	0.156	0.158	0.286	0.154	0.151	0.157	0.160	0.150	0.152	0.152	0.160	0.160	0.158	0.159	0.155	0.161	0.154	0.157	0.154	0.154	0.154	0.155	0.155	0.159	0.156	0.157	0.153	0.158	0.152	0.158	0.150	0.158	0.153	0.152	0.153	0.152	0.288	0.155	0.155	0.155	0.155	0.158	0.153	0.163	0.153	0.152	0.159	0.158	0.158	0.154	0.157												
1:00:00													0.153	0.154	0.149	0.149	0.154	0.152	0.161	0.157	0.160	0.156	0.159	0.291	0.149	0.152	0.152	0.151	0.154	0.147	0.156	0.160	0.155	0.156	0.157	0.275	0.153	0.151	0.157	0.160	0.150	0.152	0.152	0.159	0.159	0.157	0.159	0.155	0.161	0.153	0.156	0.154	0.154	0.154	0.155	0.155	0.158	0.156	0.157	0.153	0.158	0.152	0.157	0.150	0.158	0.153	0.152	0.153	0.152	0.286	0.155	0.154	0.154	0.154	0.157	0.152	0.164	0.153	0.152	0.158	0.157	0.158	0.154	0.157												
1:20:00													0.153	0.154	0.149	0.148	0.154	0.152	0.160	0.157	0.159	0.156	0.158	0.281	0.149	0.151	0.152	0.151	0.154	0.147	0.155	0.160	0.154	0.155	0.157	0.264	0.153	0.150	0.157	0.159	0.150	0.152	0.152	0.158	0.158	0.157	0.158	0.155	0.160	0.153	0.155	0.154	0.154	0.153	0.155	0.155	0.158	0.155	0.156	0.152	0.158	0.152	0.157	0.150	0.158	0.152	0.152	0.152	0.152	0.284	0.155	0.154	0.154	0.154	0.157	0.151	0.165	0.153	0.152	0.158	0.156	0.157	0.153	0.156												
1:40:00													0.153	0.153	0.149	0.148	0.154	0.152	0.160	0.156	0.159	0.156	0.158	0.270	0.149	0.151	0.151	0.150	0.154	0.146	0.155	0.159	0.154	0.155	0.156	0.255	0.152	0.150	0.156	0.159	0.150	0.151	0.151	0.157	0.157	0.156	0.158	0.154	0.160	0.153	0.154	0.153	0.154	0.152	0.154	0.154	0.158	0.155	0.156	0.152	0.158	0.152	0.157	0.149	0.158	0.152	0.151	0.152	0.151	0.282	0.154	0.154	0.154	0.154	0.157	0.151	0.167	0.153	0.151	0.157	0.156	0.156	0.153	0.156												
2:00:00													0.152	0.153	0.149	0.148	0.154	0.151	0.160	0.155	0.159	0.155	0.157	0.259	0.149	0.151	0.151	0.150	0.154	0.146	0.155	0.159	0.154	0.155	0.156	0.245	0.152	0.150	0.157	0.157	0.150	0.151	0.151	0.157	0.157	0.155	0.157	0.154	0.160	0.152	0.154	0.153	0.154	0.152	0.154	0.154	0.157	0.154	0.155	0.152	0.158	0.152	0.157	0.149	0.157	0.152	0.151	0.151	0.151	0.279	0.154	0.154	0.154	0.154	0.157	0.151	0.169	0.153	0.151	0.157	0.156	0.156	0.153	0.156												
2:20:00													0.153	0.153	0.150	0.148	0.154	0.151	0.160	0.155	0.159	0.155	0.157	0.246	0.149	0.151	0.152	0.150	0.154	0.146	0.155	0.158	0.153	0.155	0.156	0.233	0.153	0.150	0.157	0.159	0.150	0.150	0.151	0.156	0.157	0.155	0.157	0.154	0.160	0.152	0.155	0.153	0.154	0.152	0.154	0.153	0.157	0.154	0.155	0.152	0.158	0.152	0.157	0.149	0.157	0.151	0.151	0.151	0.151	0.277	0.154	0.154	0.154	0.154	0.158	0.151	0.170	0.153	0.152	0.157	0.155	0.156	0.153	0.156												
2:40:00													0.155	0.153	0.151	0.148	0.154	0.151	0.161	0.155	0.159	0.155	0.157	0.230	0.150	0.150	0.153	0.149	0.155	0.146	0.155	0.158	0.153	0.154	0.155	0.222	0.153	0.149	0.157	0.156	0.151	0.150	0.151	0.156	0.156	0.154	0.156	0.154	0.161	0.152	0.156	0.153	0.155	0.152	0.153	0.153	0.157	0.153	0.154	0.151	0.158	0.152	0.158	0.148	0.159	0.151	0.151	0.151	0.151	0.267	0.154	0.154	0.155	0.154	0.158	0.150	0.168	0.153	0.152	0.156	0.155	0.156	0.152	0.156												
3:00:00													0.156	0.153	0.153	0.148	0.156	0.151	0.161	0.155	0.159	0.154	0.157	0.218	0.152	0.150	0.154	0.149	0.157	0.146	0.155	0.157	0.153	0.154	0.154	0.212	0.155	0.150	0.158	0.157	0.152	0.150	0.151	0.155	0.156	0.154	0.156	0.153	0.162	0.152	0.158	0.151	0.156	0.151	0.153	0.153	0.157	0.153	0.154	0.151	0.160	0.152	0.160	0.148	0.160	0.151	0.151	0.150	0.151	0.264	0.154	0.154	0.156	0.154	0.159	0.150	0.170	0.153	0.152	0.155	0.155	0.156	0.153	0.156												
3:20:00													0.159	0.153	0.155	0.148	0.159	0.151	0.161	0.155	0.159	0.154	0.157	0.206	0.154	0.150	0.157	0.149	0.159	0.146	0.155	0.157	0.153	0.154	0.154	0.203	0.158	0.149	0.160	0.157	0.155	0.150	0.151	0.155	0.156	0.154	0.156	0.153	0.165	0.152	0.160	0.152	0.159	0.151	0.153	0.153	0.157	0.152	0.154	0.151	0.162	0.152	0.163	0.148	0.163	0.150	0.151	0.150	0.151	0.261	0.154	0.154	0.159	0.154	0.162	0.150	0.173	0.152	0.152	0.155	0.155	0.155	0.152	0.156												
3:40:00													0.161	0.154	0.159	0.147	0.163	0.151	0.160	0.155	0.159	0.154	0.156	0.196	0.158	0.151	0.160	0.149	0.163	0.146	0.156	0.157	0.153	0.154	0.155	0.195	0.163	0.150	0.165	0.157	0.159	0.149	0.151	0.155	0.156	0.153	0.156	0.153	0.169	0.152	0.164	0.152	0.163	0.151	0.154	0.152	0.157	0.152	0.154	0.151	0.167	0.152	0.166	0.148	0.167	0.150	0.151	0.151	0.152	0.264	0.153	0.153	0.163	0.154	0.167	0.150	0.180	0.152	0.152	0.156	0.155	0.155	0.152	0.155												
4:00:00													0.168	0.156	0.165	0.147	0.170	0.151	0.160	0.154	0.159	0.154	0.156	0.185	0.164	0.151	0.167	0.149	0.170	0.145	0.156	0.157	0.154	0.154	0.154	0.187	0.170	0.150	0.171	0.157	0.166	0.149	0.151	0.155	0.156	0.153	0.156	0.153	0.176	0.152	0.171	0.152	0.170	0.150	0.155	0.152	0.158	0.152	0.154	0.151	0.173	0.152	0.173	0.148	0.174	0.150	0.151	0.151	0.152	0.260	0.153	0.153	0.169	0.155	0.174	0.149	0.186	0.151	0.153	0.155	0.156	0.154	0.152	0.155												
4:20:00													0.179	0.157	0.175	0.148	0.180	0.150	0.161	0.155	0.160	0.154	0.157	0.175	0.174	0.151	0.177	0.149	0.181	0.145	0.156	0.157	0.154	0.154	0.154	0.180	0.181	0.151	0.181	0.157	0.177	0.149	0.152	0.154	0.157	0.153	0.156	0.152	0.187	0.152	0.181	0.152	0.180	0.150	0.155	0.152	0.158	0.152	0.154	0.151	0.183	0.153	0.183	0.148	0.185	0.150	0.152	0.150	0.153	0.256	0.153	0.153	0.178	0.155	0.186	0.149	0.194	0.151	0.154	0.154	0.156	0.154	0.152	0.155												
4:40:00													0.192	0.158	0.189	0.148	0.196	0.150	0.162	0.155	0.161	0.154	0.156	0.168	0.187	0.152	0.192	0.149	0.197	0.145	0.157	0.157	0.156	0.154	0.154	0.174	0.197	0.152	0.197	0.156	0.192	0.149	0.153	0.155	0.158	0.153	0.156	0.152	0.202	0.153	0.195	0.151	0.195	0.150	0.156	0.152	0.159	0.152	0.154	0.150	0.198	0.153	0.198	0.148	0.201	0.150	0.153	0.151	0.154	0.252	0.153	0.153	0.192	0.156	0.203	0.149	0.205	0.151	0.155	0.154	0.158	0.154	0.152	0.154												
5:00:00													0.211	0.159	0.210	0.148	0.217	0.150	0.164	0.155	0.164	0.153	0.157	0.163	0.205	0.153	0.216	0.149	0.217	0.145	0.158	0.157	0.157	0.153	0.154	0.170	0.221	0.152	0.217	0.157	0.211	0.149	0.154	0.154	0.160	0.153	0.156	0.152	0.224	0.155	0.214	0.152	0.216	0.150	0.157	0.153	0.161	0.151	0.154	0.150	0.218	0.156	0.220	0.148	0.221	0.149	0.154	0.150	0.155	0.243	0.154	0.153	0.210	0.157	0.224	0.150	0.219	0.151	0.156	0.156	0.159	0.154	0.153	0.155												
5:20:00													0.236	0.160	0.237	0.148	0.245	0.150	0.166	0.155	0.166	0.153	0.157	0.159	0.231	0.154	0.251	0.149	0.246	0.145	0.160	0.157	0.159	0.153	0.154	0.166	0.249	0.155	0.246	0.157	0.241	0.148	0.157	0.155	0.162	0.152	0.156	0.152	0.251	0.156	0.242	0.152	0.245	0.150	0.158	0.153	0.163	0.151	0.154	0.150	0.245	0.158	0.245	0.148	0.251	0.149	0.156	0.150	0.158	0.239	0.155	0.153	0.239	0.158	0.253	0.150	0.247	0.151	0.158	0.156	0.161	0.154	0.153	0.155												
5:40:00													0.267	0.163	0.267	0.149	0.275	0.150	0.167	0.155	0.167	0.153	0.158	0.157	0.257	0.156	0.283	0.149	0.276	0.145	0.163	0.157	0.162	0.153	0.155	0.163	0.283	0.157	0.277	0.158	0.269	0.148	0.159	0.155	0.165	0.152	0.157	0.152	0.283	0.158	0.270	0.154	0.274	0.150	0.162	0.153	0.166	0.151	0.155	0.150	0.277	0.159	0.273	0.149	0.278	0.149	0.159	0.152	0.161	0.239	0.154	0.153	0.272	0.161	0.284	0.151	0.277	0.151	0.160	0.157	0.164	0.154	0.154	0.154												
6:00:00													0.301	0.166	0.296	0.149	0.305	0.151	0.170	0.156	0.171	0.153	0.158	0.155	0.290	0.158	0.315	0.150	0.309	0.145	0.166	0.157	0.166	0.153	0.155	0.161	0.312	0.161	0.309	0.160	0.300	0.149	0.162	0.156	0.170	0.152	0.157	0.152	0.312	0.161	0.300	0.154	0.308	0.150	0.164	0.154	0.169	0.151	0.155	0.150	0.306	0.162	0.304	0.149	0.311	0.149	0.162	0.150	0.165	0.235	0.155	0.153	0.303	0.163	0.316	0.151	0.308	0.151	0.164	0.158	0.167	0.154	0.154	0.154												
6:20:00													0.342	0.169	0.332	0.150	0.340	0.151	0.175	0.157	0.176	0.153	0.159	0.154	0.324	0.162	0.349	0.151	0.347	0.145	0.170	0.159	0.171	0.153	0.156	0.159	0.347	0.165	0.349	0.160	0.338	0.148	0.167	0.156	0.176	0.152	0.159	0.152	0.348	0.165	0.339	0.156	0.346	0.150	0.168	0.155	0.174	0.151	0.156	0.150	0.342	0.167	0.340	0.150	0.348	0.149	0.167	0.152	0.171	0.226	0.157	0.153	0.344	0.166	0.353	0.153	0.346	0.151	0.168	0.158	0.172	0.155	0.155	0.155												
6:40:00													0.385	0.175	0.370	0.151	0.382	0.151	0.179	0.158	0.182	0.153	0.162	0.152	0.371	0.166	0.393	0.157	0.390	0.145	0.176	0.159	0.178	0.153	0.160	0.157	0.384	0.171	0.393	0.161	0.379	0.149	0.173	0.157	0.184	0.152	0.160	0.152	0.389	0.171	0.376	0.157	0.394	0.150	0.174	0.157	0.180	0.151	0.157	0.150	0.387	0.172	0.380	0.152	0.394	0.150	0.173	0.154	0.177	0.225	0.158	0.153	0.385	0.171	0.397	0.153	0.390	0.151	0.173	0.158	0.179	0.154	0.157	0.154												
7:00:00													0.430	0.182	0.407	0.153	0.418	0.152	0.187	0.159	0.192	0.154	0.164	0.152	0.413	0.173	0.424	0.157	0.425	0.146	0.184	0.160	0.187	0.154	0.162	0.157	0.427	0.178	0.431	0.163	0.413	0.149	0.181	0.158	0.196	0.152	0.162	0.152	0.428	0.179	0.415	0.159	0.431	0.151	0.182	0.158	0.190	0.151	0.159	0.150	0.425	0.180	0.418	0.155	0.430	0.149	0.181	0.156	0.187	0.217	0.160	0.153	0.429	0.178	0.433	0.155	0.425	0.151	0.181	0.162	0.188	0.156	0.157	0.156												
7:20:00													0.461	0.191	0.432	0.156	0.439	0.152	0.197	0.162	0.203	0.154	0.166	0.152	0.451	0.182	0.445	0.161	0.445	0.147	0.195	0.164	0.199	0.153	0.164	0.155	0.460	0.188	0.459	0.168	0.437	0.150	0.192	0.161	0.211	0.152	0.165	0.153	0.456	0.189	0.440	0.163	0.452	0.151	0.193	0.160	0.203	0.152	0.163	0.151	0.445	0.190	0.444	0.157	0.450	0.149	0.193	0.159	0.200	0.213	0.162	0.154	0.463	0.187	0.457	0.159	0.445	0.152	0.192	0.164	0.201	0.157	0.160	0.155												
7:40:00													0.483	0.204	0.445	0.160	0.448	0.152	0.210	0.162	0.219	0.154	0.171	0.152	0.479	0.192	0.468	0.166	0.454	0.148	0.208	0.169	0.216	0.153	0.167	0.155	0.503	0.202	0.491	0.172	0.459	0.150	0.207	0.167	0.233	0.152	0.169	0.152	0.484	0.201	0.479	0.167	0.472	0.150	0.207	0.165	0.219	0.152	0.163	0.152	0.465	0.201	0.467	0.161	0.475	0.149	0.208	0.162	0.218	0.211	0.167	0.154	0.478	0.197	0.472	0.162	0.458	0.152	0.206	0.169	0.217	0.157	0.163	0.156												
8:00:00													0.519	0.223	0.454	0.167	0.457	0.153	0.227	0.170	0.240	0.154	0.176	0.151	0.519	0.206	0.509	0.171	0.476	0.149	0.226	0.176	0.238	0.154	0.172	0.154	0.543	0.218	0.532	0.173	0.486	0.151	0.226	0.175	0.257	0.154	0.173	0.152	0.518	0.217	0.513	0.169	0.500	0.152	0.225	0.174	0.241	0.152	0.174	0.152	0.498	0.219	0.499	0.161	0.501	0.151	0.229	0.170	0.239	0.206	0.170	0.155	0.508	0.211	0.499	0.171	0.479	0.152	0.225	0.175	0.240	0.159	0.169	0.156												
8:20:00													0.546	0.234	0.466	0.183	0.474	0.153	0.249	0.182	0.265	0.155	0.188	0.151	0.552	0.222	0.553	0.175	0.510	0.149	0.248	0.196	0.266	0.154	0.182	0.156	0.575	0.235	0.570	0.176	0.526	0.151	0.249	0.198	0.287	0.154	0.184	0.152	0.545	0.234	0.545	0.174	0.533	0.153	0.249	0.199	0.267	0.152	0.184	0.152	0.531	0.237	0.540	0.168	0.537	0.150	0.254	0.193	0.267	0.204	0.182	0.156	0.533	0.227	0.532	0.195	0.514	0.153	0.248	0.195	0.268	0.161	0.176	0.158												
8:40:00													0.570	0.248	0.479	0.201	0.491	0.154	0.275	0.210	0.294	0.155	0.211	0.152	0.579	0.241	0.590	0.180	0.542	0.151	0.274	0.213	0.297	0.154	0.208	0.154	0.596	0.257	0.597	0.179	0.560	0.152	0.275	0.203	0.320	0.155	0.211	0.152	0.570	0.252	0.573	0.173	0.571	0.153	0.276	0.198	0.296	0.154	0.199	0.153	0.556	0.255	0.571	0.171	0.567	0.151	0.281	0.202	0.298	0.200	0.207	0.155	0.559	0.247	0.559	0.200	0.550	0.153	0.274	0.210	0.300	0.163	0.195	0.159												
9:00:00													0.586	0.270	0.498	0.207	0.517	0.155	0.303	0.226	0.322	0.157	0.214	0.154	0.599	0.261	0.615	0.189	0.577	0.151	0.303	0.216	0.329	0.156	0.217	0.157	0.617	0.278	0.619	0.189	0.591	0.152	0.302	0.207	0.353	0.156	0.217	0.156	0.592	0.273	0.596	0.195	0.601	0.154	0.305	0.208	0.326	0.153	0.192	0.155	0.578	0.278	0.598	0.190	0.593	0.153	0.312	0.198	0.330	0.201	0.202	0.158	0.593	0.271	0.580	0.211	0.585	0.155	0.300	0.207	0.332	0.165	0.214	0.156												
9:20:00													0.603	0.294	0.508	0.223	0.531	0.157	0.331	0.226	0.361	0.158	0.211	0.154	0.617	0.282	0.631	0.218	0.604	0.154	0.335	0.225	0.368	0.156	0.218	0.155	0.635	0.305	0.639	0.197	0.614	0.154	0.339	0.221	0.392	0.155	0.219	0.157	0.613	0.300	0.618	0.219	0.625	0.157	0.337	0.226	0.365	0.158	0.208	0.156	0.600	0.306	0.618	0.215	0.615	0.154	0.347	0.218	0.373	0.195	0.217	0.159	0.609	0.297	0.599	0.222	0.610	0.156	0.334	0.234	0.374	0.171	0.215	0.159												
9:40:00													0.609	0.314	0.519	0.242	0.546	0.159	0.375	0.242	0.404	0.159	0.233	0.156	0.632	0.295	0.651	0.231	0.624	0.157	0.368	0.241	0.405	0.157	0.245	0.159	0.650	0.317	0.654	0.213	0.634	0.157	0.373	0.240	0.421	0.158	0.244	0.156	0.627	0.314	0.636	0.229	0.646	0.157	0.377	0.240	0.398	0.157	0.226	0.158	0.619	0.315	0.637	0.239	0.634	0.158	0.383	0.231	0.415	0.197	0.234	0.159	0.623	0.314	0.615	0.241	0.629	0.160	0.384	0.255	0.411	0.177	0.234	0.162												
10:00:00													0.615	0.335	0.528	0.264	0.561	0.162	0.402	0.256	0.425	0.161	0.271	0.160	0.641	0.303	0.671	0.282	0.644	0.157	0.394	0.265	0.441	0.161	0.276	0.157	0.660	0.320	0.667	0.225	0.650	0.161	0.390	0.270	0.436	0.163	0.267	0.156	0.636	0.320	0.652	0.255	0.664	0.163	0.404	0.264	0.416	0.159	0.250	0.159	0.630	0.323	0.654	0.254	0.649	0.162	0.406	0.250	0.434	0.196	0.248	0.162	0.638	0.323	0.626	0.259	0.646	0.162	0.394	0.277	0.433	0.186	0.253	0.164												
10:20:00													0.633	0.344	0.539	0.285	0.579	0.165	0.423	0.285	0.434	0.165	0.297	0.158	0.645	0.309	0.681	0.317	0.660	0.161	0.406	0.288	0.443	0.163	0.312	0.163	0.663	0.323	0.677	0.244	0.668	0.165	0.405	0.293	0.450	0.162	0.297	0.163	0.646	0.323	0.664	0.273	0.680	0.165	0.417	0.285	0.439	0.165	0.271	0.162	0.636	0.329	0.667	0.291	0.663	0.164	0.412	0.276	0.448	0.198	0.271	0.166	0.650	0.320	0.637	0.286	0.660	0.165	0.420	0.298	0.457	0.197	0.277	0.165												
10:40:00													0.649	0.361	0.553	0.312	0.595	0.166	0.432	0.310	0.464	0.166	0.344	0.165	0.651	0.313	0.692	0.347	0.670	0.160	0.418	0.319	0.455	0.169	0.355	0.166	0.671	0.326	0.688	0.266	0.678	0.163	0.404	0.326	0.459	0.163	0.335	0.167	0.652	0.332	0.674	0.308	0.691	0.166	0.421	0.314	0.456	0.168	0.299	0.166	0.641	0.336	0.677	0.315	0.676	0.166	0.419	0.302	0.448	0.197	0.299	0.168	0.659	0.332	0.639	0.311	0.671	0.168	0.422	0.324	0.460	0.219	0.308	0.171												
11:00:00													0.646	0.368	0.569	0.340	0.610	0.172	0.429	0.333	0.471	0.167	0.393	0.175	0.659	0.319	0.704	0.383	0.677	0.165	0.414	0.348	0.462	0.172	0.403	0.175	0.677	0.331	0.695	0.302	0.690	0.167	0.416	0.348	0.472	0.167	0.374	0.176	0.660	0.333	0.681	0.340	0.703	0.168	0.435	0.337	0.457	0.169	0.315	0.172	0.647	0.340	0.686	0.345	0.683	0.162	0.434	0.323	0.463	0.199	0.322	0.175	0.668	0.344	0.643	0.342	0.681	0.173	0.431	0.355	0.470	0.247	0.337	0.189												
11:20:00													0.649	0.374	0.582	0.380	0.623	0.172	0.438	0.359	0.477	0.171	0.435	0.201	0.666	0.320	0.717	0.410	0.690	0.164	0.425	0.391	0.473	0.177	0.431	0.203	0.691	0.343	0.703	0.341	0.695	0.165	0.436	0.373	0.482	0.172	0.417	0.206	0.666	0.332	0.692	0.379	0.712	0.166	0.444	0.371	0.472	0.172	0.343	0.205	0.649	0.340	0.697	0.389	0.693	0.161	0.443	0.356	0.476	0.202	0.340	0.207	0.676	0.336	0.651	0.375	0.689	0.199	0.441	0.396	0.513	0.259	0.370	0.202												
11:40:00													0.652	0.370	0.594	0.416	0.641	0.208	0.454	0.385	0.492	0.182	0.469	0.202	0.674	0.325	0.726	0.432	0.695	0.184	0.433	0.425	0.481	0.177	0.482	0.211	0.690	0.346	0.710	0.378	0.704	0.171	0.445	0.411	0.502	0.189	0.454	0.218	0.666	0.342	0.698	0.413	0.720	0.187	0.455	0.410	0.488	0.176	0.378	0.212	0.655	0.344	0.699	0.435	0.700	0.180	0.456	0.383	0.487	0.198	0.373	0.216	0.682	0.340	0.646	0.417	0.696	0.200	0.452	0.438	0.526	0.270	0.401	0.214												
12:00:00													0.653	0.388	0.603	0.458	0.656	0.219	0.456	0.422	0.502	0.240	0.523	0.204	0.679	0.327	0.741	0.479	0.706	0.213	0.443	0.474	0.499	0.206	0.520	0.211	0.695	0.344	0.720	0.401	0.713	0.178	0.456	0.450	0.513	0.215	0.489	0.216	0.672	0.339	0.706	0.449	0.729	0.217	0.466	0.461	0.501	0.212	0.408	0.214	0.657	0.352	0.704	0.475	0.706	0.195	0.465	0.424	0.499	0.226	0.415	0.212	0.691	0.346	0.652	0.452	0.697	0.213	0.457	0.487	0.529	0.296	0.419	0.218												
12:20:00													0.659	0.372	0.606	0.480	0.669	0.240	0.463	0.454	0.515	0.267	0.560	0.221	0.684	0.330	0.747	0.515	0.709	0.220	0.452	0.531	0.510	0.236	0.562	0.227	0.696	0.347	0.724	0.427	0.721	0.202	0.467	0.485	0.531	0.252	0.525	0.224	0.672	0.344	0.711	0.472	0.732	0.238	0.475	0.493	0.522	0.234	0.448	0.224	0.661	0.359	0.710	0.509	0.708	0.212	0.471	0.457	0.516	0.261	0.444	0.213	0.700	0.351	0.651	0.481	0.704	0.221	0.466	0.533	0.532	0.336	0.468	0.226												
12:40:00													0.669	0.377	0.610	0.511	0.678	0.259	0.469	0.482	0.522	0.281	0.609	0.241	0.689	0.334	0.769	0.554	0.715	0.235	0.459	0.558	0.523	0.252	0.602	0.244	0.706	0.350	0.730	0.464	0.731	0.236	0.473	0.530	0.544	0.262	0.578	0.241	0.677	0.354	0.717	0.503	0.740	0.260	0.485	0.527	0.538	0.247	0.484	0.239	0.663	0.358	0.723	0.544	0.716	0.230	0.481	0.496	0.528	0.271	0.479	0.225	0.712	0.353	0.655	0.507	0.707	0.234	0.470	0.577	0.531	0.356	0.513	0.236												
13:00:00													0.675	0.381	0.612	0.537	0.684	0.272	0.473	0.497	0.532	0.297	0.633	0.255	0.695	0.335	0.763	0.583	0.721	0.269	0.466	0.596	0.533	0.282	0.614	0.260	0.707	0.353	0.740	0.488	0.735	0.269	0.483	0.555	0.558	0.274	0.606	0.249	0.680	0.356	0.723	0.540	0.745	0.281	0.492	0.556	0.549	0.265	0.516	0.261	0.669	0.359	0.723	0.584	0.722	0.250	0.486	0.525	0.539	0.290	0.514	0.245	0.723	0.356	0.660	0.535	0.715	0.255	0.474	0.597	0.539	0.387	0.549	0.244												
13:20:00													0.676	0.383	0.614	0.550	0.693	0.295	0.477	0.525	0.538	0.317	0.655	0.275	0.710	0.336	0.781	0.609	0.731	0.297	0.474	0.625	0.546	0.309	0.634	0.277	0.717	0.354	0.748	0.520	0.742	0.294	0.490	0.600	0.570	0.291	0.640	0.252	0.686	0.356	0.730	0.561	0.754	0.304	0.499	0.598	0.563	0.294	0.543	0.285	0.676	0.357	0.733	0.611	0.730	0.270	0.496	0.570	0.548	0.309	0.560	0.262	0.743	0.358	0.667	0.566	0.723	0.275	0.480	0.642	0.538	0.416	0.590	0.259												
13:40:00													0.693	0.385	0.619	0.565	0.694	0.315	0.479	0.570	0.542	0.334	0.692	0.296	0.715	0.339	0.791	0.624	0.734	0.324	0.478	0.643	0.553	0.334	0.671	0.302	0.727	0.357	0.753	0.565	0.746	0.324	0.493	0.633	0.579	0.302	0.685	0.265	0.694	0.357	0.734	0.575	0.757	0.335	0.507	0.625	0.570	0.319	0.590	0.309	0.678	0.382	0.739	0.638	0.735	0.286	0.502	0.590	0.556	0.323	0.590	0.276	0.753	0.363	0.679	0.589	0.730	0.294	0.485	0.664	0.540	0.444	0.625	0.275												
14:00:00													0.702	0.388	0.626	0.595	0.707	0.343	0.483	0.630	0.547	0.363	0.742	0.311	0.725	0.343	0.796	0.646	0.740	0.354	0.486	0.665	0.563	0.364	0.726	0.326	0.734	0.360	0.763	0.597	0.754	0.351	0.500	0.642	0.588	0.316	0.704	0.280	0.703	0.360	0.741	0.586	0.764	0.365	0.516	0.662	0.579	0.348	0.630	0.337	0.691	0.386	0.747	0.636	0.741	0.307	0.507	0.637	0.563	0.340	0.644	0.300	0.763	0.367	0.685	0.622	0.735	0.313	0.487	0.679	0.540	0.468	0.676	0.295												
14:20:00													0.714	0.389	0.637	0.628	0.710	0.368	0.488	0.683	0.553	0.395	0.756	0.331	0.737	0.343	0.799	0.662	0.748	0.386	0.490	0.700	0.573	0.384	0.754	0.351	0.742	0.362	0.770	0.613	0.762	0.381	0.503	0.690	0.599	0.328	0.768	0.305	0.715	0.361	0.748	0.608	0.771	0.391	0.519	0.686	0.588	0.375	0.690	0.368	0.695	0.390	0.757	0.650	0.750	0.321	0.513	0.676	0.571	0.365	0.721	0.320	0.770	0.371	0.700	0.655	0.747	0.336	0.491	0.716	0.543	0.507	0.744	0.317												
14:40:00													0.725	0.392	0.647	0.666	0.717	0.387	0.491	0.711	0.561	0.435	0.796	0.353	0.748	0.347	0.809	0.677	0.757	0.415	0.496	0.721	0.582	0.409	0.791	0.384	0.757	0.365	0.777	0.645	0.773	0.408	0.506	0.720	0.611	0.348	0.788	0.325	0.724	0.363	0.755	0.631	0.781	0.413	0.527	0.709	0.598	0.408	0.739	0.397	0.708	0.393	0.768	0.667	0.756	0.342	0.517	0.714	0.580	0.391	0.781	0.349	0.781	0.374	0.711	0.680	0.758	0.357	0.494	0.742	0.545	0.541	0.827	0.342												
15:00:00													0.739	0.397	0.656	0.673	0.724	0.408	0.494	0.731	0.567	0.467	0.831	0.367	0.761	0.351	0.820	0.708	0.765	0.437	0.500	0.766	0.592	0.430	0.839	0.414	0.766	0.367	0.783	0.680	0.780	0.433	0.513	0.741	0.622	0.371	0.862	0.344	0.736	0.366	0.762	0.650	0.787	0.441	0.530	0.746	0.609	0.436	0.787	0.433	0.721	0.397	0.777	0.690	0.763	0.359	0.521	0.740	0.589	0.418	0.844	0.378	0.784	0.380	0.718	0.708	0.769	0.379	0.501	0.776	0.545	0.567	0.874	0.371												
15:20:00													0.752	0.400	0.666	0.707	0.731	0.437	0.496	0.765	0.571	0.492	0.882	0.398	0.768	0.352	0.835	0.724	0.774	0.468	0.506	0.788	0.603	0.471	0.910	0.444	0.780	0.370	0.790	0.702	0.785	0.457	0.516	0.778	0.634	0.399	0.888	0.378	0.752	0.369	0.768	0.675	0.794	0.461	0.535	0.779	0.619	0.465	0.849	0.468	0.732	0.400	0.785	0.706	0.769	0.383	0.526	0.772	0.600	0.445	0.873	0.408	0.799	0.381	0.723	0.718	0.780	0.398	0.508	0.801	0.549	0.594	0.907	0.387												
15:40:00													0.769	0.404	0.676	0.734	0.739	0.454	0.499	0.796	0.580	0.531	0.922	0.421	0.783	0.355	0.859	0.799	0.781	0.484	0.509	0.807	0.612	0.502	0.946	0.467	0.789	0.373	0.795	0.730	0.790	0.473	0.522	0.803	0.644	0.430	0.937	0.394	0.761	0.373	0.774	0.699	0.798	0.485	0.539	0.783	0.629	0.492	0.879	0.492	0.745	0.402	0.791	0.743	0.776	0.402	0.529	0.795	0.612	0.475	0.935	0.431	0.805	0.386	0.727	0.742	0.790	0.418	0.510	0.837	0.552	0.615	0.924	0.416												
16:00:00													0.785	0.406	0.687	0.773	0.746	0.469	0.502	0.832	0.589	0.562	0.955	0.452	0.795	0.358	0.887	0.877	0.788	0.504	0.511	0.833	0.621	0.527	0.974	0.494	0.800	0.376	0.801	0.758	0.794	0.490	0.525	0.817	0.651	0.457	0.970	0.401	0.776	0.375	0.780	0.727	0.801	0.503	0.544	0.816	0.639	0.525	0.927	0.513	0.757	0.403	0.794	0.771	0.787	0.425	0.533	0.826	0.623	0.502	0.964	0.446	0.801	0.391	0.733	0.739	0.798	0.431	0.512	0.875	0.558	0.650	0.958	0.452												
16:20:00													0.794	0.412	0.697	0.770	0.753	0.484	0.504	0.846	0.600	0.610	0.982	0.481	0.805	0.364	0.896	0.936	0.796	0.521	0.516	0.872	0.631	0.557	0.987	0.521	0.807	0.380	0.807	0.777	0.798	0.507	0.530	0.849	0.657	0.487	1.000	0.427	0.783	0.377	0.786	0.761	0.807	0.522	0.551	0.846	0.647	0.554	0.969	0.524	0.765	0.406	0.797	0.802	0.795	0.454	0.537	0.854	0.633	0.529	0.989	0.464	0.798	0.397	0.739	0.767	0.805	0.447	0.522	0.890	0.563	0.673	0.983	0.471												
16:40:00													0.801	0.414	0.702	0.824	0.760	0.509	0.510	0.885	0.610	0.634	1.018	0.523	0.812	0.366	0.906	0.955	0.805	0.548	0.521	0.883	0.642	0.586	1.019	0.531	0.814	0.382	0.816	0.809	0.805	0.535	0.535	0.871	0.665	0.516	1.022	0.486	0.790	0.380	0.793	0.790	0.812	0.541	0.553	0.869	0.653	0.588	0.998	0.538	0.777	0.408	0.801	0.833	0.804	0.464	0.541	0.883	0.640	0.567	1.004	0.486	0.801	0.398	0.746	0.776	0.815	0.469	0.524	0.909	0.569	0.693	1.013	0.492												
17:00:00													0.813	0.420	0.709	0.804	0.766	0.522	0.514	0.879	0.618	0.652	1.041	0.548	0.820	0.371	0.909	0.961	0.811	0.565	0.527	0.899	0.651	0.611	1.039	0.557	0.823	0.386	0.822	0.825	0.813	0.558	0.541	0.891	0.672	0.548	1.052	0.510	0.797	0.382	0.799	0.812	0.817	0.565	0.561	0.886	0.658	0.606	1.012	0.549	0.785	0.410	0.806	0.860	0.810	0.482	0.547	0.901	0.649	0.594	1.048	0.513	0.804	0.401	0.753	0.790	0.823	0.473	0.530	0.936	0.578	0.714	1.043	0.537												
17:20:01													0.827	0.420	0.714	0.817	0.770	0.528	0.518	0.925	0.621	0.672	1.058	0.582	0.821	0.376	0.907	0.972	0.814	0.578	0.533	0.923	0.657	0.632	1.055	0.576	0.826	0.389	0.825	0.841	0.817	0.569	0.549	0.917	0.676	0.579	1.084	0.542	0.805	0.385	0.805	0.828	0.821	0.579	0.568	0.909	0.664	0.642	1.037	0.569	0.794	0.413	0.812	0.871	0.817	0.493	0.555	0.925	0.653	0.618	1.077	0.554	0.808	0.408	0.761	0.802	0.828	0.488	0.536	0.954	0.586	0.720	1.080	0.569												
17:40:00													0.836	0.425	0.717	0.831	0.777	0.539	0.519	0.935	0.626	0.723	1.081	0.612	0.823	0.382	0.908	0.980	0.820	0.574	0.536	0.932	0.665	0.648	1.069	0.600	0.832	0.392	0.830	0.859	0.824	0.587	0.555	0.941	0.681	0.601	1.113	0.589	0.810	0.390	0.810	0.841	0.828	0.597	0.579	0.921	0.669	0.659	1.070	0.595	0.799	0.416	0.818	0.883	0.826	0.507	0.566	0.942	0.658	0.644	1.104	0.593	0.814	0.408	0.768	0.815	0.837	0.510	0.548	0.969	0.597	0.733	1.097	0.603												
18:00:01													0.840	0.429	0.717	0.861	0.785	0.546	0.525	0.947	0.632	0.730	1.089	0.636	0.831	0.390	0.912	1.014	0.829	0.583	0.545	0.961	0.674	0.675	1.084	0.626	0.837	0.394	0.834	0.877	0.832	0.600	0.570	0.955	0.688	0.622	1.134	0.622	0.815	0.390	0.817	0.857	0.835	0.609	0.592	0.930	0.676	0.665	1.106	0.617	0.805	0.418	0.824	0.895	0.834	0.527	0.578	0.965	0.664	0.678	1.120	0.634	0.822	0.414	0.775	0.848	0.848	0.524	0.562	0.970	0.606	0.756	1.117	0.640												
18:20:01													0.851	0.432	0.723	0.867	0.787	0.580	0.529	0.954	0.633	0.755	1.115	0.665	0.831	0.399	0.908	1.026	0.831	0.595	0.549	0.975	0.679	0.690	1.098	0.641	0.842	0.398	0.836	0.887	0.836	0.614	0.580	0.975	0.691	0.655	1.156	0.651	0.823	0.393	0.820	0.869	0.840	0.628	0.602	0.955	0.682	0.687	1.125	0.644	0.810	0.421	0.832	0.913	0.840	0.547	0.593	0.984	0.671	0.699	1.134	0.656	0.827	0.415	0.783	0.850	0.853	0.539	0.575	0.983	0.619	0.777	1.130	0.676												
18:40:01													0.859	0.434	0.728	0.880	0.793	0.599	0.531	0.962	0.636	0.769	1.131	0.688	0.835	0.410	0.908	1.002	0.838	0.606	0.555	1.004	0.687	0.709	1.113	0.669	0.846	0.400	0.838	0.908	0.841	0.621	0.589	0.989	0.698	0.678	1.176	0.682	0.826	0.397	0.823	0.883	0.847	0.641	0.610	0.979	0.688	0.736	1.140	0.666	0.817	0.423	0.839	0.927	0.846	0.567	0.604	0.990	0.677	0.722	1.155	0.681	0.833	0.419	0.791	0.863	0.862	0.572	0.585	1.000	0.638	0.800	1.147	0.701												
19:00:01													0.867	0.434	0.733	0.875	0.798	0.605	0.535	0.998	0.640	0.795	1.143	0.730	0.839	0.422	0.908	0.967	0.844	0.620	0.558	1.023	0.694	0.733	1.126	0.688	0.850	0.403	0.841	0.925	0.846	0.632	0.600	1.003	0.706	0.700	1.182	0.700	0.830	0.398	0.826	0.897	0.853	0.654	0.621	0.985	0.695	0.762	1.151	0.685	0.822	0.426	0.844	0.944	0.851	0.598	0.613	1.014	0.683	0.741	1.149	0.701	0.840	0.421	0.800	0.873	0.872	0.595	0.594	1.017	0.653	0.815	1.158	0.733												
19:20:01													0.876	0.436	0.744	0.915	0.803	0.627	0.539	1.008	0.643	0.790	1.150	0.753	0.845	0.435	0.909	0.904	0.850	0.641	0.565	1.039	0.701	0.760	1.134	0.712	0.856	0.406	0.843	0.939	0.852	0.653	0.610	1.024	0.714	0.729	1.202	0.716	0.836	0.400	0.829	0.910	0.859	0.665	0.630	1.016	0.701	0.791	1.169	0.705	0.829	0.428	0.849	0.943	0.856	0.632	0.622	1.021	0.690	0.774	1.180	0.722	0.845	0.425	0.809	0.869	0.881	0.606	0.599	1.022	0.670	0.835	1.160	0.742												
19:40:01													0.885	0.440	0.766	0.903	0.809	0.648	0.545	1.003	0.649	0.816	1.163	0.763	0.851	0.450	0.909	0.870	0.855	0.653	0.575	1.061	0.709	0.768	1.152	0.736	0.861	0.409	0.846	0.955	0.857	0.679	0.618	1.042	0.720	0.763	1.208	0.731	0.840	0.403	0.831	0.922	0.865	0.675	0.637	1.028	0.707	0.827	1.174	0.720	0.833	0.430	0.853	0.958	0.862	0.669	0.630	1.035	0.697	0.804	1.195	0.750	0.853	0.426	0.827	0.855	0.889	0.629	0.605	1.027	0.687	0.854	1.183	0.769												
20:00:01													0.894	0.442	0.786	0.943	0.814	0.679	0.560	1.046	0.655	0.842	1.168	0.772	0.855	0.464	0.909	0.861	0.860	0.686	0.581	1.064	0.717	0.785	1.155	0.751	0.867	0.412	0.849	0.972	0.862	0.703	0.624	1.048	0.727	0.801	1.214	0.750	0.849	0.406	0.834	0.934	0.871	0.692	0.645	1.046	0.714	0.848	1.197	0.741	0.840	0.431	0.857	0.964	0.868	0.713	0.638	1.053	0.702	0.826	1.204	0.753	0.861	0.432	0.844	0.891	0.895	0.650	0.611	1.031	0.704	0.878	1.183	0.784												
20:20:01													0.902	0.448	0.796	0.952	0.820	0.701	0.568	1.050	0.666	0.872	1.172	0.787	0.861	0.479	0.909	0.869	0.865	0.738	0.595	1.078	0.723	0.812	1.175	0.773	0.872	0.415	0.852	0.982	0.867	0.725	0.631	1.084	0.733	0.827	1.218	0.770	0.852	0.409	0.836	0.947	0.876	0.708	0.652	1.061	0.719	0.876	1.200	0.759	0.845	0.434	0.860	0.967	0.873	0.740	0.646	1.067	0.708	0.860	1.204	0.771	0.871	0.434	0.857	0.937	0.902	0.669	0.619	1.040	0.722	0.889	1.192	0.784												
20:40:01													0.912	0.450	0.802	0.985	0.824	0.714	0.577	1.052	0.677	0.911	1.177	0.814	0.869	0.492	0.908	0.866	0.868	0.754	0.602	1.090	0.731	0.849	1.185	0.796	0.877	0.417	0.859	0.989	0.872	0.744	0.638	1.101	0.742	0.864	1.234	0.791	0.857	0.411	0.838	0.958	0.881	0.729	0.659	1.060	0.725	0.892	1.200	0.771	0.849	0.436	0.863	0.980	0.876	0.756	0.653	1.081	0.714	0.888	1.215	0.795	0.879	0.436	0.864	0.957	0.908	0.710	0.622	1.060	0.739	0.910	1.197	0.803												
21:00:01													0.921	0.453	0.807	1.008	0.828	0.750	0.585	1.074	0.690	0.925	1.182	0.836	0.874	0.501	0.908	0.870	0.873	0.769	0.614	1.113	0.738	0.882	1.198	0.805	0.882	0.419	0.870	0.990	0.877	0.763	0.642	1.118	0.750	0.885	1.233	0.800	0.862	0.413	0.840	0.969	0.886	0.746	0.665	1.068	0.732	0.914	1.207	0.782	0.854	0.437	0.867	0.985	0.876	0.754	0.660	1.083	0.720	0.914	1.219	0.809	0.888	0.439	0.868	0.984	0.914	0.731	0.631	1.069	0.754	0.925	1.208	0.816												
21:20:01													0.930	0.456	0.811	1.010	0.832	0.756	0.592	1.104	0.702	0.951	1.187	0.827	0.879	0.509	0.907	0.869	0.875	0.791	0.622	1.124	0.745	0.908	1.204	0.816	0.887	0.421	0.873	0.993	0.881	0.780	0.648	1.128	0.759	0.897	1.242	0.822	0.870	0.415	0.844	0.979	0.891	0.761	0.672	1.085	0.738	0.926	1.212	0.798	0.859	0.439	0.874	0.989	0.874	0.779	0.666	1.105	0.727	0.937	1.234	0.818	0.898	0.441	0.869	1.004	0.925	0.758	0.638	1.079	0.759	0.921	1.206	0.834												
21:40:01													0.940	0.457	0.815	1.036	0.836	0.803	0.597	1.122	0.713	0.984	1.192	0.854	0.888	0.513	0.905	0.871	0.879	0.804	0.626	1.127	0.751	0.915	1.210	0.831	0.891	0.423	0.875	0.998	0.886	0.797	0.654	1.142	0.768	0.925	1.247	0.840	0.873	0.417	0.855	0.989	0.896	0.773	0.677	1.099	0.744	0.952	1.220	0.814	0.862	0.441	0.877	0.987	0.875	0.792	0.673	1.104	0.734	0.956	1.237	0.835	0.908	0.443	0.870	1.037	0.940	0.788	0.644	1.094	0.759	0.943	1.212	0.855												
22:00:01													0.949	0.459	0.815	1.048	0.840	0.822	0.601	1.126	0.724	0.998	1.187	0.857	0.890	0.522	0.904	0.872	0.883	0.818	0.634	1.134	0.757	0.936	1.219	0.843	0.897	0.425	0.880	1.015	0.890	0.816	0.659	1.151	0.777	0.947	1.250	0.850	0.877	0.419	0.859	0.995	0.901	0.788	0.683	1.110	0.750	0.970	1.234	0.828	0.866	0.443	0.877	0.995	0.880	0.804	0.679	1.131	0.739	0.969	1.240	0.857	0.918	0.450	0.866	1.034	0.952	0.841	0.655	1.112	0.758	0.961	1.219	0.868												
22:20:01													0.958	0.464	0.815	1.067	0.844	0.845	0.605	1.090	0.733	1.004	1.192	0.867	0.896	0.529	0.903	0.874	0.886	0.828	0.640	1.141	0.763	0.963	1.217	0.854	0.901	0.426	0.882	1.025	0.892	0.834	0.664	1.157	0.786	0.970	1.254	0.856	0.883	0.420	0.861	1.006	0.906	0.804	0.688	1.125	0.755	0.983	1.240	0.835	0.869	0.445	0.876	1.006	0.882	0.823	0.684	1.132	0.745	0.993	1.245	0.866	0.927	0.451	0.859	1.069	0.962	0.859	0.667	1.114	0.759	0.986	1.225	0.875												
22:40:01													0.967	0.462	0.815	1.088	0.854	0.866	0.614	1.137	0.741	1.028	1.202	0.882	0.898	0.535	0.901	0.877	0.889	0.842	0.644	1.158	0.768	0.968	1.220	0.869	0.906	0.429	0.885	1.031	0.897	0.852	0.668	1.159	0.793	0.987	1.255	0.862	0.886	0.422	0.863	1.015	0.911	0.821	0.693	1.137	0.761	0.998	1.239	0.851	0.875	0.446	0.876	1.023	0.885	0.836	0.689	1.133	0.750	1.012	1.249	0.880	0.936	0.451	0.851	1.061	0.969	0.871	0.681	1.128	0.758	0.999	1.233	0.877												
23:00:01													0.975	0.462	0.816	1.093	0.866	0.874	0.623	1.147	0.751	1.031	1.207	0.886	0.904	0.541	0.901	0.880	0.893	0.855	0.647	1.160	0.772	0.989	1.216	0.877	0.911	0.431	0.887	1.041	0.900	0.871	0.673	1.176	0.799	1.002	1.258	0.874	0.892	0.423	0.865	1.023	0.916	0.841	0.698	1.142	0.765	1.012	1.242	0.860	0.878	0.448	0.878	1.040	0.890	0.853	0.694	1.154	0.755	1.035	1.254	0.888	0.946	0.449	0.845	1.076	0.970	0.880	0.693	1.143	0.761	1.010	1.235	0.878												
23:20:01													0.983	0.463	0.818	1.109	0.879	0.871	0.634	1.149	0.763	1.037	1.210	0.891	0.904	0.549	0.899	0.884	0.900	0.870	0.651	1.189	0.777	0.995	1.222	0.879	0.915	0.433	0.888	1.053	0.909	0.890	0.677	1.176	0.804	1.014	1.264	0.885	0.895	0.425	0.866	1.032	0.924	0.856	0.702	1.142	0.770	1.032	1.245	0.863	0.883	0.449	0.880	1.050	0.901	0.864	0.699	1.134	0.760	1.049	1.264	0.894	0.952	0.451	0.839	1.087	0.970	0.915	0.704	1.151	0.753	1.014	1.235	0.872												
23:40:01													0.992	0.464	0.821	1.121	0.889	0.898	0.645	1.169	0.784	1.055	1.210	0.895	0.909	0.556	0.898	0.885	0.910	0.885	0.657	1.188	0.782	1.019	1.232	0.889	0.920	0.436	0.889	1.059	0.920	0.899	0.681	1.183	0.811	1.026	1.268	0.886	0.901	0.427	0.868	1.041	0.930	0.873	0.706	1.156	0.774	1.049	1.250	0.878	0.888	0.451	0.881	1.073	0.905	0.876	0.704	1.158	0.765	1.067	1.269	0.898	0.960	0.452	0.838	1.085	0.969	0.921	0.713	1.175	0.741	1.015	1.238	0.877												
24:00:01													0.999	0.464	0.823	1.130	0.898	0.923	0.654	1.177	0.800	1.079	1.212	0.903	0.911	0.563	0.897	0.887	0.917	0.900	0.665	1.200	0.786	1.032	1.236	0.896	0.924	0.438	0.889	1.065	0.928	0.903	0.685	1.185	0.817	1.032	1.273	0.892	0.905	0.428	0.868	1.048	0.934	0.884	0.711	1.161	0.778	1.058	1.258	0.882	0.894	0.452	0.882	1.072	0.906	0.900	0.715	1.170	0.769	1.082	1.274	0.904	0.968	0.452	0.836	1.082	0.966	0.925	0.720	1.181	0.727	1.023	1.242	0.881												
24:20:01													1.007	0.464	0.823	1.137	0.903	0.938	0.664	1.185	0.810	1.098	1.216	0.899	0.913	0.568	0.895	0.888	0.924	0.916	0.675	1.208	0.791	1.040	1.238	0.905	0.929	0.441	0.889	1.070	0.931	0.915	0.689	1.196	0.824	1.048	1.276	0.895	0.911	0.430	0.869	1.056	0.933	0.901	0.717	1.174	0.782	1.072	1.263	0.887	0.898	0.454	0.882	1.081	0.906	0.915	0.723	1.188	0.773	1.088	1.279	0.907	0.973	0.456	0.836	1.081	0.964	0.932	0.724	1.211	0.694	1.033	1.241	0.846												
24:40:01													1.014	0.465	0.821	1.137	0.906	0.952	0.673	1.197	0.817	1.122	1.230	0.912	0.916	0.577	0.894	0.889	0.927	0.926	0.683	1.209	0.798	1.051	1.245	0.910	0.934	0.444	0.890	1.080	0.931	0.927	0.694	1.202	0.832	1.049	1.280	0.897	0.913	0.432	0.869	1.066	0.934	0.913	0.726	1.173	0.785	1.081	1.268	0.890	0.903	0.456	0.882	1.088	0.906	0.931	0.730	1.197	0.776	1.096	1.280	0.907	0.980	0.454	0.835	1.085	0.962	0.940	0.727	1.204	0.663	1.044	1.243	0.784												
25:00:01													1.024	0.465	0.818	1.144	0.907	0.967	0.680	1.203	0.821	1.139	1.240	0.911	0.916	0.582	0.892	0.891	0.931	0.943	0.692	1.205	0.806	1.052	1.247	0.910	0.938	0.447	0.890	1.083	0.929	0.935	0.702	1.199	0.838	1.048	1.284	0.897	0.918	0.434	0.869	1.075	0.934	0.927	0.733	1.188	0.789	1.095	1.273	0.898	0.908	0.458	0.881	1.102	0.906	0.943	0.736	1.202	0.780	1.103	1.280	0.909	0.989	0.456	0.834	1.086	0.959	0.938	0.728	1.225	0.643	1.042	1.247	0.786												
25:20:01													1.038	0.466	0.817	1.141	0.906	0.980	0.687	1.219	0.824	1.151	1.241	0.915	0.919	0.587	0.891	0.893	0.935	0.957	0.702	1.213	0.812	1.058	1.250	0.915	0.942	0.450	0.890	1.092	0.927	0.947	0.708	1.207	0.840	1.061	1.287	0.896	0.921	0.437	0.869	1.084	0.934	0.939	0.738	1.193	0.792	1.102	1.280	0.907	0.912	0.459	0.881	1.116	0.906	0.957	0.740	1.208	0.788	1.113	1.281	0.911	1.004	0.457	0.833	1.085	0.957	0.943	0.727	1.228	0.639	1.054	1.252	0.783												
25:40:01													1.056	0.466	0.815	1.141	0.906	0.993	0.693	1.218	0.826	1.163	1.252	0.891	0.920	0.596	0.891	0.886	0.937	0.968	0.711	1.219	0.818	1.080	1.250	0.915	0.946	0.453	0.891	1.099	0.924	0.962	0.713	1.210	0.839	1.075	1.288	0.894	0.927	0.439	0.869	1.091	0.933	0.956	0.741	1.200	0.796	1.110	1.283	0.912	0.917	0.461	0.880	1.127	0.906	0.967	0.744	1.217	0.795	1.115	1.283	0.908	1.026	0.456	0.831	1.083	0.955	0.947	0.726	1.245	0.638	1.049	1.252	0.787												
26:00:01													1.072	0.470	0.813	1.140	0.905	1.013	0.698	1.238	0.826	1.174	1.244	0.851	0.924	0.603	0.890	0.886	0.938	0.975	0.718	1.227	0.824	1.094	1.254	0.910	0.951	0.456	0.892	1.107	0.925	0.972	0.717	1.209	0.837	1.093	1.286	0.896	0.930	0.441	0.870	1.091	0.933	0.974	0.744	1.204	0.802	1.121	1.285	0.910	0.922	0.463	0.880	1.137	0.905	0.980	0.746	1.230	0.802	1.123	1.283	0.907	1.044	0.458	0.829	1.086	0.953	0.956	0.723	1.254	0.711	1.051	1.254	0.795												
26:20:01													1.079	0.469	0.811	1.139	0.905	1.021	0.701	1.241	0.825	1.180	1.242	0.822	0.927	0.608	0.888	0.886	0.939	0.983	0.723	1.235	0.828	1.105	1.259	0.909	0.956	0.461	0.894	1.114	0.925	0.978	0.720	1.215	0.832	1.092	1.288	0.903	0.934	0.443	0.871	1.097	0.933	0.985	0.745	1.215	0.808	1.127	1.285	0.914	0.926	0.464	0.880	1.141	0.905	0.992	0.747	1.236	0.807	1.138	1.285	0.906	1.052	0.459	0.829	1.086	0.950	0.956	0.721	1.262	0.779	1.053	1.255	0.803												
26:40:01													1.082	0.473	0.809	1.140	0.904	1.027	0.703	1.257	0.824	1.180	1.237	0.819	0.930	0.620	0.888	0.887	0.939	0.992	0.728	1.244	0.831	1.116	1.264	0.913	0.960	0.465	0.894	1.118	0.925	0.994	0.723	1.228	0.836	1.098	1.288	0.910	0.937	0.445	0.871	1.105	0.932	0.996	0.747	1.215	0.812	1.128	1.286	0.913	0.930	0.466	0.879	1.148	0.904	1.008	0.747	1.252	0.810	1.150	1.286	0.921	1.056	0.460	0.830	1.088	0.949	0.954	0.719	1.262	0.810	1.055	1.256	0.812												
27:00:01													1.082	0.472	0.808	1.140	0.904	1.034	0.705	1.253	0.822	1.183	1.229	0.827	0.932	0.635	0.887	0.887	0.940	0.997	0.733	1.252	0.833	1.129	1.267	0.913	0.963	0.469	0.895	1.126	0.925	1.007	0.726	1.232	0.840	1.107	1.290	0.930	0.940	0.448	0.872	1.113	0.932	1.006	0.747	1.224	0.814	1.144	1.287	0.911	0.936	0.467	0.878	1.150	0.903	1.024	0.746	1.260	0.814	1.173	1.287	0.928	1.056	0.461	0.832	1.090	0.946	0.956	0.718	1.266	0.824	1.053	1.257	0.822												
27:20:01													1.080	0.475	0.807	1.141	0.903	1.035	0.706	1.260	0.820	1.185	1.210	0.837	0.943	0.640	0.886	0.885	0.940	1.006	0.735	1.264	0.833	1.136	1.272	0.913	0.966	0.474	0.895	1.130	0.923	1.016	0.728	1.239	0.840	1.117	1.292	0.946	0.943	0.451	0.873	1.120	0.932	1.016	0.747	1.235	0.815	1.161	1.288	0.915	0.939	0.469	0.878	1.157	0.903	1.037	0.745	1.270	0.817	1.181	1.288	0.938	1.055	0.465	0.832	1.092	0.943	0.957	0.716	1.263	0.828	1.058	1.259	0.829												
27:40:01													1.076	0.483	0.806	1.144	0.902	1.039	0.707	1.263	0.818	1.187	1.177	0.849	0.957	0.647	0.885	0.882	0.940	1.016	0.735	1.274	0.831	1.148	1.275	0.935	0.970	0.480	0.895	1.134	0.924	1.026	0.730	1.245	0.841	1.118	1.296	0.961	0.946	0.455	0.874	1.124	0.932	1.030	0.747	1.244	0.816	1.170	1.287	0.916	0.943	0.471	0.877	1.160	0.904	1.049	0.744	1.276	0.817	1.205	1.290	0.951	1.054	0.464	0.830	1.096	0.942	0.958	0.715	1.265	0.830	1.055	1.260	0.837												
28:00:01													1.072	0.484	0.805	1.144	0.901	1.040	0.706	1.263	0.816	1.188	1.159	0.861	0.970	0.658	0.885	0.880	0.941	1.028	0.737	1.277	0.829	1.156	1.276	0.946	0.974	0.486	0.894	1.137	0.925	1.035	0.732	1.258	0.846	1.120	1.302	0.964	0.949	0.459	0.874	1.133	0.932	1.039	0.746	1.253	0.816	1.179	1.291	0.920	0.946	0.473	0.877	1.163	0.904	1.060	0.742	1.283	0.817	1.215	1.291	0.955	1.052	0.466	0.829	1.096	0.940	0.961	0.713	1.267	0.831	1.048	1.261	0.843												
28:20:01													1.067	0.485	0.804	1.148	0.904	1.044	0.706	1.264	0.814	1.185	1.151	0.872	0.979	0.666	0.887	0.875	0.944	1.037	0.740	1.285	0.829	1.160	1.276	0.960	0.977	0.492	0.893	1.144	0.926	1.041	0.734	1.262	0.854	1.127	1.306	0.974	0.952	0.463	0.875	1.138	0.933	1.048	0.746	1.260	0.817	1.189	1.296	0.921	0.949	0.473	0.877	1.165	0.906	1.071	0.742	1.294	0.818	1.228	1.292	0.952	1.050	0.462	0.830	1.099	0.942	0.964	0.713	1.268	0.835	1.052	1.262	0.849												
28:40:01													1.064	0.494	0.805	1.149	0.900	1.046	0.704	1.260	0.811	1.192	1.154	0.877	0.982	0.685	0.883	0.863	0.944	1.043	0.735	1.290	0.825	1.163	1.277	0.968	0.981	0.499	0.892	1.148	0.930	1.047	0.734	1.273	0.859	1.133	1.312	0.953	0.956	0.469	0.875	1.144	0.932	1.056	0.744	1.265	0.815	1.209	1.305	0.923	0.953	0.477	0.876	1.165	0.905	1.080	0.740	1.301	0.814	1.238	1.293	0.907	1.047	0.461	0.827	1.100	0.940	0.961	0.710	1.265	0.835	1.061	1.266	0.854												
29:00:01													1.060	0.502	0.804	1.151	0.901	1.047	0.703	1.265	0.808	1.188	1.157	0.876	0.981	0.717	0.884	0.859	0.945	1.050	0.736	1.298	0.823	1.177	1.280	0.984	0.986	0.506	0.892	1.152	0.933	1.055	0.734	1.280	0.861	1.141	1.314	0.913	0.958	0.475	0.876	1.149	0.933	1.065	0.742	1.272	0.815	1.220	1.316	0.926	0.955	0.480	0.876	1.165	0.906	1.088	0.739	1.309	0.811	1.244	1.296	0.868	1.044	0.461	0.827	1.103	0.941	0.959	0.709	1.265	0.835	1.051	1.255	0.858												
29:20:01													1.055	0.505	0.802	1.154	0.900	1.052	0.701	1.265	0.806	1.193	1.165	0.874	0.979	0.741	0.883	0.856	0.947	1.058	0.736	1.308	0.821	1.185	1.284	0.994	0.990	0.513	0.891	1.157	0.938	1.063	0.734	1.285	0.863	1.138	1.310	0.871	0.961	0.482	0.877	1.155	0.934	1.073	0.741	1.279	0.814	1.230	1.323	0.931	0.958	0.482	0.877	1.165	0.907	1.094	0.739	1.316	0.808	1.250	1.298	0.836	1.043	0.459	0.828	1.103	0.940	0.962	0.707	1.267	0.832	1.046	1.250	0.860												
29:40:01													1.052	0.511	0.801	1.155	0.899	1.055	0.699	1.265	0.803	1.194	1.170	0.874	0.976	0.758	0.883	0.853	0.948	1.064	0.733	1.315	0.820	1.182	1.288	0.994	0.994	0.521	0.890	1.159	0.938	1.069	0.733	1.290	0.862	1.134	1.308	0.836	0.965	0.490	0.878	1.160	0.934	1.079	0.740	1.284	0.814	1.239	1.328	0.939	0.962	0.485	0.878	1.168	0.908	1.098	0.738	1.322	0.806	1.252	1.296	0.812	1.040	0.456	0.827	1.105	0.940	0.956	0.705	1.267	0.830	1.050	1.244	0.860												
30:00:01													1.049	0.519	0.801	1.155	0.899	1.056	0.697	1.266	0.801	1.201	1.175	0.871	0.973	0.774	0.883	0.851	0.948	1.077	0.734	1.321	0.818	1.179	1.284	0.980	1.003	0.528	0.889	1.159	0.941	1.074	0.733	1.296	0.861	1.132	1.309	0.818	0.969	0.496	0.879	1.164	0.935	1.084	0.740	1.285	0.813	1.247	1.331	0.949	0.967	0.487	0.879	1.168	0.908	1.103	0.737	1.328	0.804	1.254	1.296	0.804	1.038	0.457	0.828	1.103	0.940	0.958	0.704	1.268	0.830	1.057	1.258	0.859												
30:20:01													1.046	0.521	0.800	1.157	0.897	1.059	0.696	1.269	0.799	1.199	1.179	0.870	0.970	0.783	0.883	0.849	0.947	1.084	0.731	1.327	0.816	1.181	1.295	0.940	1.010	0.536	0.889	1.162	0.942	1.076	0.733	1.299	0.860	1.139	1.311	0.809	0.976	0.503	0.879	1.168	0.935	1.089	0.740	1.290	0.812	1.254	1.335	0.959	0.972	0.490	0.881	1.171	0.910	1.107	0.736	1.330	0.802	1.257	1.296	0.805	1.036	0.460	0.827	1.105	0.939	0.962	0.703	1.269	0.827	1.057	1.256	0.856												
30:40:01													1.043	0.522	0.799	1.160	0.896	1.062	0.694	1.271	0.796	1.196	1.184	0.869	0.967	0.799	0.883	0.848	0.949	1.084	0.730	1.332	0.815	1.183	1.290	0.895	1.017	0.544	0.890	1.164	0.943	1.080	0.732	1.308	0.857	1.135	1.315	0.814	0.985	0.510	0.879	1.172	0.936	1.091	0.740	1.296	0.812	1.260	1.339	0.970	0.982	0.493	0.882	1.176	0.910	1.111	0.735	1.330	0.799	1.255	1.296	0.812	1.033	0.464	0.828	1.105	0.938	0.962	0.700	1.271	0.825	1.056	1.250	0.855												
31:00:01													1.037	0.518	0.799	1.163	0.895	1.061	0.693	1.273	0.795	1.198	1.187	0.868	0.964	0.800	0.886	0.846	0.952	1.084	0.731	1.336	0.815	1.183	1.285	0.875	1.023	0.552	0.890	1.169	0.945	1.086	0.733	1.314	0.858	1.136	1.315	0.825	0.992	0.517	0.879	1.176	0.937	1.094	0.740	1.304	0.813	1.262	1.339	0.985	0.992	0.493	0.883	1.179	0.912	1.112	0.734	1.331	0.800	1.253	1.299	0.823	1.032	0.469	0.829	1.110	0.940	0.959	0.700	1.273	0.824	1.058	1.259	0.855												
31:20:01													1.036	0.530	0.799	1.162	0.893	1.061	0.692	1.274	0.793	1.199	1.190	0.868	0.961	0.813	0.883	0.843	0.949	1.083	0.727	1.341	0.812	1.181	1.267	0.849	1.028	0.560	0.890	1.171	0.944	1.090	0.731	1.320	0.854	1.137	1.317	0.835	0.997	0.526	0.877	1.181	0.936	1.096	0.741	1.308	0.812	1.265	1.336	0.997	1.001	0.500	0.884	1.181	0.912	1.113	0.733	1.330	0.796	1.255	1.301	0.833	1.029	0.478	0.827	1.113	0.937	0.949	0.699	1.272	0.821	1.061	1.248	0.853												
31:40:01													1.034	0.534	0.799	1.162	0.892	1.060	0.690	1.276	0.791	1.193	1.192	0.869	0.958	0.825	0.882	0.842	0.948	1.083	0.728	1.344	0.810	1.180	1.254	0.833	1.033	0.568	0.890	1.172	0.945	1.093	0.729	1.325	0.852	1.138	1.318	0.847	1.004	0.534	0.876	1.183	0.937	1.096	0.741	1.314	0.812	1.266	1.331	1.004	1.010	0.503	0.886	1.182	0.913	1.113	0.732	1.329	0.794	1.254	1.300	0.845	1.024	0.487	0.827	1.106	0.936	0.939	0.698	1.273	0.818	1.067	1.236	0.851												
32:00:01													1.031	0.535	0.799	1.164	0.890	1.060	0.689	1.276	0.790	1.190	1.194	0.870	0.956	0.826	0.883	0.840	0.948	1.087	0.725	1.343	0.809	1.181	1.222	0.834	1.036	0.577	0.890	1.172	0.946	1.097	0.728	1.330	0.851	1.138	1.317	0.856	1.012	0.541	0.875	1.186	0.937	1.098	0.742	1.319	0.811	1.270	1.327	1.003	1.020	0.506	0.887	1.183	0.913	1.112	0.731	1.329	0.793	1.252	1.297	0.859	1.025	0.496	0.827	1.106	0.936	0.944	0.697	1.274	0.817	1.075	1.208	0.850												
32:20:01													1.028	0.538	0.800	1.163	0.889	1.060	0.687	1.280	0.789	1.191	1.194	0.869	0.953	0.824	0.883	0.839	0.947	1.089	0.724	1.343	0.808	1.182	1.207	0.844	1.039	0.587	0.889	1.174	0.947	1.100	0.727	1.336	0.850	1.140	1.314	0.867	1.018	0.550	0.874	1.189	0.938	1.098	0.743	1.324	0.810	1.270	1.320	0.998	1.027	0.511	0.888	1.182	0.914	1.113	0.731	1.330	0.792	1.250	1.293	0.869	1.023	0.504	0.828	1.101	0.936	0.946	0.696	1.272	0.814	1.085	1.171	0.849												
32:40:01													1.026	0.539	0.799	1.159	0.888	1.063	0.686	1.279	0.787	1.203	1.194	0.869	0.950	0.827	0.884	0.838	0.946	1.088	0.725	1.342	0.807	1.182	1.219	0.853	1.041	0.605	0.888	1.176	0.947	1.102	0.726	1.340	0.849	1.142	1.308	0.875	1.021	0.558	0.873	1.190	0.937	1.099	0.742	1.327	0.809	1.269	1.314	0.981	1.028	0.516	0.889	1.183	0.916	1.115	0.730	1.330	0.790	1.251	1.293	0.875	1.020	0.511	0.827	1.104	0.935	0.953	0.695	1.273	0.812	1.089	1.171	0.848												
33:00:01													1.023	0.539	0.800	1.155	0.886	1.061	0.685	1.281	0.786	1.212	1.195	0.869	0.948	0.828	0.884	0.837	0.946	1.088	0.723	1.343	0.805	1.183	1.232	0.865	1.043	0.616	0.888	1.178	0.949	1.105	0.725	1.343	0.847	1.145	1.303	0.882	1.020	0.577	0.872	1.191	0.940	1.100	0.741	1.329	0.808	1.268	1.312	0.953	1.028	0.527	0.891	1.185	0.916	1.117	0.730	1.331	0.788	1.251	1.294	0.879	1.018	0.517	0.827	1.102	0.935	0.952	0.694	1.272	0.810	1.093	1.176	0.846												
33:20:01													1.019	0.534	0.800	1.155	0.887	1.062	0.685	1.282	0.785	1.224	1.196	0.870	0.945	0.830	0.888	0.837	0.946	1.090	0.723	1.343	0.806	1.186	1.245	0.874	1.044	0.623	0.887	1.181	0.951	1.105	0.726	1.343	0.849	1.145	1.297	0.883	1.019	0.590	0.872	1.192	0.942	1.101	0.742	1.330	0.808	1.267	1.313	0.939	1.027	0.533	0.891	1.186	0.918	1.118	0.729	1.332	0.789	1.250	1.297	0.884	1.017	0.519	0.829	1.109	0.937	0.962	0.695	1.272	0.810	1.095	1.185	0.846												
33:40:01													1.018	0.542	0.800	1.158	0.884	1.065	0.683	1.281	0.784	1.239	1.196	0.869	0.942	0.832	0.884	0.837	0.944	1.089	0.722	1.343	0.802	1.190	1.257	0.884	1.043	0.629	0.886	1.183	0.951	1.106	0.724	1.342	0.847	1.146	1.294	0.884	1.017	0.604	0.871	1.193	0.942	1.100	0.740	1.329	0.805	1.265	1.313	0.906	1.025	0.548	0.893	1.188	0.918	1.117	0.728	1.331	0.785	1.249	1.302	0.888	1.014	0.528	0.827	1.110	0.935	0.966	0.692	1.269	0.806	1.098	1.190	0.846												
34:00:01													1.016	0.544	0.800	1.158	0.883	1.063	0.682	1.278	0.783	1.256	1.188	0.867	0.940	0.836	0.885	0.837	0.943	1.090	0.721	1.343	0.800	1.188	1.258	0.893	1.042	0.633	0.885	1.185	0.952	1.106	0.723	1.343	0.846	1.148	1.291	0.885	1.015	0.613	0.870	1.194	0.943	1.099	0.740	1.329	0.804	1.263	1.308	0.890	1.023	0.559	0.894	1.189	0.919	1.117	0.727	1.331	0.784	1.249	1.309	0.893	1.012	0.534	0.827	1.112	0.934	0.975	0.692	1.265	0.805	1.098	1.194	0.845												
34:20:01													1.014	0.545	0.800	1.155	0.883	1.064	0.681	1.280	0.782	1.267	1.190	0.867	0.939	0.839	0.885	0.836	0.942	1.090	0.719	1.344	0.800	1.191	1.240	0.899	1.042	0.636	0.884	1.187	0.953	1.106	0.723	1.343	0.847	1.149	1.290	0.885	1.013	0.620	0.869	1.194	0.944	1.099	0.740	1.330	0.804	1.262	1.306	0.882	1.022	0.570	0.895	1.189	0.920	1.118	0.727	1.331	0.782	1.249	1.312	0.902	1.011	0.538	0.827	1.112	0.934	0.973	0.691	1.260	0.803	1.099	1.196	0.844												
34:40:01													1.011	0.547	0.800	1.155	0.882	1.064	0.680	1.279	0.782	1.273	1.192	0.866	0.936	0.844	0.886	0.836	0.940	1.090	0.717	1.343	0.798	1.190	1.230	0.899	1.041	0.637	0.884	1.188	0.953	1.105	0.722	1.343	0.846	1.152	1.288	0.886	1.011	0.626	0.868	1.195	0.945	1.099	0.740	1.330	0.802	1.260	1.300	0.884	1.021	0.581	0.896	1.189	0.921	1.117	0.726	1.330	0.780	1.248	1.310	0.908	1.009	0.540	0.827	1.112	0.933	0.954	0.690	1.255	0.801	1.098	1.200	0.843												
35:00:02													1.008	0.549	0.801	1.156	0.881	1.065	0.680	1.277	0.782	1.270	1.189	0.865	0.934	0.854	0.886	0.836	0.940	1.089	0.717	1.343	0.796	1.192	1.241	0.899	1.041	0.639	0.883	1.189	0.955	1.105	0.722	1.343	0.846	1.152	1.285	0.886	1.009	0.631	0.867	1.195	0.945	1.097	0.740	1.330	0.802	1.259	1.297	0.891	1.018	0.591	0.897	1.191	0.921	1.118	0.725	1.330	0.779	1.248	1.302	0.907	1.007	0.544	0.827	1.115	0.930	0.891	0.690	1.253	0.799	1.096	1.204	0.842												
35:20:02													1.007	0.553	0.801	1.161	0.879	1.065	0.679	1.278	0.781	1.239	1.184	0.865	0.932	0.853	0.888	0.835	0.939	1.089	0.717	1.342	0.795	1.190	1.259	0.900	1.042	0.639	0.882	1.190	0.955	1.105	0.721	1.343	0.846	1.152	1.284	0.886	1.007	0.633	0.867	1.195	0.946	1.096	0.740	1.331	0.801	1.257	1.294	0.904	1.017	0.600	0.897	1.191	0.921	1.117	0.725	1.329	0.777	1.246	1.300	0.905	1.006	0.547	0.826	1.119	0.925	0.844	0.689	1.252	0.797	1.096	1.208	0.841												
35:40:02													1.005	0.555	0.801	1.162	0.879	1.066	0.679	1.274	0.779	1.168	1.185	0.864	0.929	0.862	0.888	0.833	0.937	1.088	0.717	1.342	0.794	1.188	1.269	0.901	1.044	0.639	0.881	1.190	0.956	1.105	0.721	1.343	0.845	1.153	1.280	0.886	1.005	0.635	0.865	1.194	0.947	1.095	0.739	1.330	0.800	1.256	1.290	0.908	1.014	0.605	0.898	1.191	0.920	1.115	0.724	1.329	0.776	1.245	1.296	0.903	1.004	0.550	0.826	1.121	0.924	0.831	0.688	1.252	0.795	1.093	1.209	0.838												
36:00:02													1.003	0.558	0.801	1.166	0.878	1.066	0.678	1.273	0.779	1.091	1.187	0.862	0.928	0.859	0.888	0.833	0.937	1.087	0.717	1.342	0.793	1.192	1.273	0.903	1.048	0.639	0.881	1.191	0.957	1.105	0.721	1.344	0.845	1.152	1.280	0.886	1.003	0.637	0.865	1.195	0.948	1.094	0.739	1.330	0.800	1.256	1.289	0.916	1.013	0.610	0.898	1.192	0.919	1.115	0.724	1.329	0.775	1.245	1.295	0.901	1.002	0.553	0.826	1.121	0.924	0.836	0.687	1.252	0.794	1.093	1.211	0.837												
36:20:02													1.001	0.561	0.801	1.166	0.878	1.065	0.677	1.270	0.778	1.038	1.187	0.859	0.926	0.866	0.889	0.832	0.935	1.085	0.716	1.343	0.792	1.192	1.271	0.905	1.054	0.638	0.880	1.191	0.958	1.104	0.720	1.343	0.844	1.146	1.280	0.887	1.001	0.637	0.864	1.194	0.948	1.092	0.739	1.330	0.799	1.255	1.288	0.917	1.011	0.613	0.897	1.192	0.918	1.114	0.723	1.327	0.773	1.243	1.295	0.900	1.000	0.556	0.826	1.121	0.930	0.843	0.687	1.252	0.792	1.091	1.210	0.835												
36:40:02													0.999	0.565	0.801	1.168	0.876	1.065	0.677	1.268	0.778	1.014	1.187	0.857	0.924	0.866	0.890	0.831	0.933	1.085	0.715	1.342	0.790	1.190	1.271	0.904	1.062	0.637	0.879	1.191	0.958	1.102	0.720	1.343	0.845	1.147	1.278	0.888	0.999	0.638	0.863	1.194	0.949	1.091	0.739	1.329	0.798	1.254	1.288	0.920	1.008	0.615	0.896	1.194	0.917	1.113	0.723	1.327	0.772	1.243	1.294	0.898	0.999	0.560	0.825	1.122	0.925	0.854	0.686	1.253	0.791	1.089	1.209	0.835												
37:00:02													0.997	0.566	0.801	1.167	0.875	1.065	0.676	1.268	0.776	1.011	1.185	0.855	0.922	0.865	0.891	0.829	0.931	1.083	0.715	1.341	0.789	1.191	1.270	0.905	1.060	0.636	0.879	1.190	0.959	1.101	0.720	1.342	0.844	1.141	1.277	0.888	0.997	0.637	0.862	1.193	0.949	1.089	0.739	1.329	0.797	1.252	1.287	0.925	1.006	0.617	0.895	1.193	0.916	1.111	0.722	1.326	0.771	1.240	1.297	0.895	0.997	0.562	0.825	1.121	0.921	0.862	0.685	1.253	0.789	1.087	1.209	0.833												
37:20:02													0.995	0.568	0.801	1.168	0.874	1.062	0.676	1.268	0.776	1.015	1.183	0.853	0.921	0.869	0.892	0.828	0.930	1.082	0.713	1.339	0.788	1.189	1.270	0.906	1.057	0.635	0.878	1.191	0.959	1.099	0.720	1.343	0.844	1.141	1.277	0.886	0.995	0.637	0.861	1.192	0.950	1.087	0.739	1.328	0.797	1.250	1.287	0.925	1.004	0.618	0.895	1.192	0.915	1.110	0.721	1.325	0.769	1.238	1.294	0.893	0.996	0.564	0.824	1.121	0.926	0.871	0.685	1.253	0.787	1.086	1.205	0.831												
37:40:02													0.994	0.569	0.801	1.170	0.873	1.064	0.676	1.270	0.776	1.021	1.182	0.852	0.920	0.867	0.893	0.826	0.929	1.081	0.713	1.340	0.787	1.182	1.271	0.907	1.056	0.635	0.878	1.191	0.960	1.098	0.719	1.343	0.844	1.139	1.276	0.885	0.994	0.637	0.860	1.192	0.950	1.086	0.739	1.328	0.797	1.249	1.287	0.926	1.002	0.619	0.895	1.193	0.915	1.109	0.721	1.324	0.769	1.236	1.292	0.891	0.995	0.566	0.824	1.121	0.924	0.881	0.685	1.254	0.786	1.083	1.201	0.825												
38:00:02													0.992	0.572	0.801	1.170	0.873	1.059	0.675	1.272	0.776	1.032	1.185	0.851	0.918	0.866	0.894	0.825	0.929	1.080	0.712	1.338	0.786	1.183	1.273	0.906	1.056	0.633	0.877	1.190	0.960	1.097	0.720	1.341	0.843	1.138	1.278	0.884	0.992	0.637	0.860	1.192	0.951	1.084	0.738	1.327	0.796	1.247	1.286	0.927	1.000	0.620	0.893	1.192	0.914	1.108	0.720	1.323	0.768	1.231	1.286	0.888	0.994	0.567	0.824	1.122	0.921	0.890	0.685	1.253	0.784	1.079	1.198	0.821												
38:20:02													0.990	0.573	0.801	1.171	0.873	1.056	0.675	1.274	0.776	1.048	1.188	0.848	0.916	0.868	0.895	0.822	0.928	1.078	0.711	1.337	0.786	1.183	1.272	0.904	1.062	0.633	0.877	1.190	0.961	1.096	0.720	1.341	0.843	1.141	1.279	0.882	0.990	0.636	0.859	1.192	0.952	1.082	0.738	1.326	0.795	1.245	1.285	0.929	0.998	0.620	0.893	1.191	0.913	1.106	0.719	1.322	0.768	1.225	1.283	0.886	0.992	0.568	0.823	1.123	0.926	0.902	0.684	1.254	0.784	1.067	1.196	0.819												
38:40:02													0.988	0.575	0.800	1.171	0.873	1.054	0.675	1.278	0.775	1.055	1.189	0.845	0.915	0.866	0.896	0.821	0.927	1.076	0.711	1.335	0.784	1.179	1.273	0.903	1.070	0.632	0.876	1.190	0.961	1.095	0.719	1.341	0.842	1.143	1.277	0.881	0.989	0.636	0.858	1.191	0.953	1.079	0.738	1.326	0.795	1.243	1.283	0.933	0.996	0.621	0.892	1.191	0.913	1.104	0.719	1.320	0.767	1.220	1.279	0.883	0.991	0.570	0.823	1.122	0.920	0.910	0.684	1.253	0.782	1.045	1.194	0.815												
39:00:02													0.986	0.576	0.801	1.172	0.871	1.053	0.674	1.280	0.775	1.065	1.188	0.843	0.913	0.867	0.897	0.819	0.926	1.074	0.711	1.336	0.784	1.181	1.273	0.900	1.077	0.631	0.876	1.189	0.960	1.094	0.719	1.339	0.841	1.144	1.277	0.878	0.987	0.635	0.857	1.190	0.953	1.077	0.738	1.325	0.794	1.240	1.281	0.932	0.994	0.621	0.891	1.190	0.911	1.103	0.719	1.317	0.767	1.214	1.274	0.880	0.991	0.570	0.822	1.122	0.927	0.914	0.684	1.252	0.781	1.033	1.194	0.813												
39:20:02													0.985	0.578	0.800	1.173	0.870	1.054	0.674	1.281	0.774	1.077	1.184	0.842	0.912	0.873	0.898	0.817	0.925	1.072	0.710	1.333	0.783	1.183	1.266	0.899	1.086	0.629	0.875	1.189	0.961	1.093	0.719	1.339	0.841	1.147	1.278	0.876	0.985	0.634	0.856	1.190	0.953	1.074	0.737	1.324	0.794	1.238	1.279	0.928	0.991	0.621	0.890	1.189	0.911	1.100	0.718	1.316	0.765	1.209	1.274	0.877	0.988	0.571	0.821	1.121	0.918	0.918	0.684	1.251	0.780	1.032	1.192	0.810												
39:40:02													0.984	0.579	0.799	1.172	0.868	1.056	0.673	1.282	0.774	1.086	1.181	0.843	0.910	0.880	0.900	0.816	0.924	1.070	0.709	1.330	0.782	1.185	1.252	0.897	1.088	0.629	0.875	1.188	0.961	1.092	0.718	1.338	0.840	1.148	1.278	0.874	0.983	0.633	0.856	1.189	0.953	1.071	0.737	1.323	0.792	1.235	1.277	0.920	0.990	0.621	0.890	1.187	0.910	1.098	0.717	1.313	0.764	1.206	1.274	0.874	0.988	0.572	0.821	1.120	0.925	0.922	0.684	1.251	0.780	1.040	1.191	0.808												
40:00:02													0.982	0.579	0.799	1.171	0.868	1.055	0.672	1.282	0.774	1.093	1.175	0.838	0.909	0.890	0.901	0.814	0.923	1.068	0.709	1.330	0.781	1.181	1.239	0.895	1.087	0.628	0.875	1.187	0.960	1.091	0.718	1.335	0.840	1.156	1.277	0.870	0.982	0.633	0.854	1.188	0.953	1.069	0.737	1.322	0.792	1.232	1.274	0.913	0.988	0.621	0.889	1.184	0.909	1.096	0.717	1.311	0.761	1.201	1.274	0.871	0.986	0.573	0.821	1.117	0.917	0.924	0.684	1.250	0.779	1.048	1.191	0.803												
40:20:02													0.980	0.581	0.799	1.170	0.866	1.053	0.672	1.283	0.774	1.105	1.173	0.837	0.908	0.895	0.902	0.812	0.922	1.066	0.708	1.328	0.780	1.181	1.237	0.894	1.087	0.627	0.874	1.187	0.960	1.089	0.718	1.335	0.839	1.156	1.275	0.867	0.981	0.632	0.854	1.187	0.952	1.066	0.737	1.320	0.791	1.229	1.272	0.904	0.986	0.620	0.888	1.183	0.908	1.094	0.716	1.309	0.761	1.199	1.271	0.868	0.985	0.573	0.820	1.116	0.922	0.927	0.684	1.248	0.779	1.054	1.190	0.800												
40:40:02													0.977	0.578	0.799	1.169	0.866	1.056	0.673	1.283	0.775	1.109	1.169	0.835	0.906	0.896	0.907	0.810	0.922	1.065	0.710	1.327	0.782	1.180	1.241	0.893	1.085	0.626	0.874	1.186	0.961	1.088	0.719	1.334	0.841	1.156	1.272	0.866	0.978	0.631	0.854	1.186	0.953	1.064	0.737	1.319	0.792	1.227	1.272	0.900	0.984	0.619	0.887	1.179	0.908	1.092	0.717	1.306	0.764	1.199	1.269	0.865	0.984	0.572	0.821	1.116	0.917	0.926	0.687	1.249	0.780	1.060	1.188	0.799												
41:00:02													0.978	0.582	0.799	1.167	0.864	1.055	0.672	1.282	0.773	1.119	1.169	0.833	0.905	0.899	0.904	0.808	0.920	1.062	0.707	1.326	0.778	1.183	1.247	0.889	1.085	0.625	0.873	1.185	0.959	1.086	0.717	1.333	0.839	1.155	1.271	0.863	0.977	0.631	0.853	1.185	0.951	1.061	0.736	1.317	0.790	1.223	1.269	0.895	0.982	0.620	0.887	1.177	0.906	1.089	0.715	1.304	0.761	1.195	1.268	0.860	0.983	0.575	0.819	1.114	0.918	0.924	0.685	1.245	0.778	1.062	1.183	0.796												
41:20:02													0.974	0.580	0.798	1.167	0.864	1.055	0.672	1.282	0.774	1.134	1.167	0.831	0.904	0.904	0.910	0.806	0.921	1.061	0.709	1.322	0.780	1.184	1.254	0.888	1.084	0.625	0.874	1.185	0.960	1.085	0.718	1.330	0.840	1.154	1.267	0.861	0.976	0.629	0.853	1.184	0.952	1.059	0.736	1.316	0.791	1.220	1.267	0.908	0.980	0.618	0.887	1.175	0.906	1.088	0.715	1.302	0.762	1.194	1.270	0.859	0.982	0.574	0.820	1.115	0.919	0.922	0.687	1.245	0.780	1.065	1.183	0.796												
41:40:02													0.975	0.583	0.798	1.166	0.862	1.051	0.671	1.282	0.772	1.128	1.165	0.829	0.903	0.906	0.907	0.804	0.919	1.057	0.706	1.319	0.776	1.182	1.257	0.883	1.085	0.624	0.872	1.184	0.958	1.083	0.716	1.329	0.837	1.154	1.268	0.858	0.974	0.629	0.852	1.181	0.950	1.056	0.735	1.313	0.789	1.216	1.266	0.905	0.979	0.619	0.886	1.176	0.905	1.085	0.714	1.298	0.759	1.189	1.268	0.855	0.981	0.576	0.818	1.112	0.915	0.920	0.685	1.242	0.777	1.060	1.183	0.795												
42:00:02													0.974	0.584	0.797	1.165	0.861	1.050	0.671	1.279	0.772	1.139	1.164	0.826	0.902	0.905	0.908	0.803	0.918	1.055	0.706	1.318	0.776	1.186	1.260	0.881	1.083	0.623	0.872	1.183	0.957	1.081	0.716	1.328	0.837	1.154	1.268	0.856	0.973	0.628	0.852	1.181	0.949	1.054	0.734	1.311	0.788	1.212	1.265	0.903	0.977	0.619	0.885	1.176	0.903	1.083	0.713	1.296	0.759	1.186	1.267	0.853	0.980	0.577	0.817	1.111	0.920	0.919	0.685	1.240	0.776	1.056	1.181	0.790												
42:20:02													0.972	0.584	0.798	1.165	0.861	1.050	0.670	1.279	0.772	1.145	1.162	0.825	0.900	0.906	0.909	0.800	0.917	1.052	0.705	1.315	0.775	1.182	1.263	0.879	1.083	0.622	0.871	1.182	0.957	1.079	0.716	1.326	0.836	1.153	1.268	0.854	0.971	0.627	0.852	1.179	0.948	1.050	0.734	1.308	0.787	1.208	1.264	0.899	0.976	0.618	0.884	1.175	0.902	1.080	0.713	1.292	0.757	1.185	1.265	0.850	0.979	0.577	0.816	1.109	0.914	0.918	0.686	1.238	0.776	1.052	1.182	0.789												
42:40:02													0.971	0.585	0.797	1.164	0.860	1.051	0.670	1.278	0.772	1.137	1.159	0.823	0.900	0.908	0.911	0.799	0.916	1.051	0.705	1.313	0.774	1.186	1.263	0.876	1.085	0.621	0.871	1.181	0.956	1.077	0.716	1.324	0.835	1.153	1.268	0.851	0.971	0.627	0.852	1.177	0.948	1.048	0.734	1.307	0.787	1.204	1.263	0.898	0.975	0.618	0.884	1.175	0.901	1.078	0.711	1.288	0.756	1.183	1.262	0.849	0.978	0.578	0.816	1.109	0.917	0.917	0.686	1.238	0.775	1.050	1.181	0.786												
43:00:02													0.970	0.585	0.797	1.163	0.860	1.051	0.670	1.277	0.771	1.147	1.157	0.821	0.899	0.910	0.912	0.797	0.915	1.048	0.705	1.311	0.774	1.187	1.258	0.873	1.085	0.620	0.871	1.181	0.955	1.075	0.715	1.322	0.835	1.151	1.268	0.849	0.970	0.627	0.851	1.176	0.947	1.046	0.733	1.305	0.786	1.202	1.262	0.902	0.975	0.618	0.883	1.175	0.901	1.076	0.711	1.285	0.755	1.179	1.259	0.846	0.978	0.579	0.815	1.107	0.914	0.918	0.686	1.237	0.775	1.048	1.182	0.783												
43:20:02													0.968	0.584	0.797	1.165	0.861	1.052	0.671	1.277	0.773	1.143	1.156	0.821	0.899	0.911	0.918	0.795	0.917	1.048	0.707	1.310	0.776	1.193	1.254	0.873	1.085	0.621	0.872	1.180	0.957	1.073	0.717	1.321	0.836	1.153	1.267	0.848	0.969	0.626	0.853	1.176	0.948	1.045	0.734	1.305	0.787	1.197	1.262	0.911	0.974	0.616	0.884	1.177	0.902	1.075	0.712	1.283	0.756	1.183	1.260	0.846	0.978	0.579	0.817	1.109	0.917	0.920	0.689	1.239	0.777	1.047	1.183	0.781												
43:40:02													0.967	0.584	0.797	1.163	0.861	1.050	0.671	1.275	0.772	1.147	1.152	0.819	0.899	0.910	0.918	0.793	0.916	1.044	0.706	1.306	0.775	1.190	1.251	0.870	1.084	0.620	0.871	1.178	0.956	1.071	0.716	1.318	0.835	1.152	1.264	0.846	0.968	0.625	0.852	1.172	0.947	1.042	0.733	1.302	0.786	1.196	1.261	0.911	0.972	0.615	0.882	1.176	0.901	1.071	0.711	1.278	0.755	1.177	1.257	0.843	0.976	0.580	0.816	1.106	0.917	0.921	0.688	1.238	0.776	1.046	1.181	0.779												
44:00:02													0.966	0.584	0.796	1.162	0.861	1.049	0.671	1.273	0.772	1.155	1.150	0.817	0.897	0.907	0.919	0.791	0.915	1.041	0.706	1.303	0.774	1.188	1.248	0.867	1.084	0.619	0.871	1.177	0.956	1.069	0.716	1.316	0.834	1.152	1.261	0.844	0.968	0.624	0.851	1.171	0.946	1.039	0.733	1.301	0.785	1.190	1.261	0.913	0.971	0.615	0.881	1.175	0.899	1.068	0.710	1.275	0.754	1.175	1.256	0.841	0.976	0.580	0.816	1.105	0.913	0.920	0.688	1.238	0.775	1.044	1.181	0.776												
44:20:02													0.966	0.586	0.796	1.161	0.859	1.048	0.669	1.273	0.771	1.161	1.148	0.817	0.896	0.905	0.917	0.789	0.913	1.039	0.703	1.300	0.771	1.190	1.247	0.862	1.085	0.618	0.870	1.175	0.952	1.067	0.713	1.313	0.832	1.152	1.259	0.840	0.966	0.624	0.850	1.168	0.944	1.036	0.731	1.297	0.783	1.185	1.259	0.900	0.970	0.616	0.881	1.173	0.898	1.064	0.708	1.272	0.751	1.170	1.253	0.837	0.975	0.582	0.813	1.102	0.913	0.921	0.686	1.231	0.773	1.041	1.181	0.774												
44:40:02													0.964	0.585	0.796	1.161	0.859	1.048	0.670	1.270	0.772	1.166	1.145	0.815	0.896	0.905	0.922	0.788	0.915	1.038	0.705	1.299	0.773	1.188	1.242	0.861	1.085	0.618	0.870	1.174	0.954	1.065	0.714	1.311	0.833	1.152	1.255	0.839	0.966	0.623	0.851	1.167	0.945	1.035	0.732	1.296	0.784	1.181	1.255	0.893	0.970	0.614	0.881	1.172	0.898	1.060	0.709	1.270	0.753	1.170	1.255	0.837	0.974	0.582	0.815	1.103	0.918	0.924	0.689	1.232	0.775	1.040	1.181	0.772												
45:00:02													0.963	0.585	0.796	1.160	0.859	1.048	0.669	1.269	0.773	1.161	1.143	0.811	0.896	0.904	0.923	0.786	0.914	1.035	0.705	1.296	0.773	1.187	1.240	0.858	1.084	0.617	0.869	1.173	0.954	1.063	0.714	1.309	0.833	1.152	1.252	0.838	0.965	0.623	0.851	1.166	0.944	1.032	0.732	1.294	0.784	1.179	1.252	0.884	0.969	0.614	0.880	1.171	0.898	1.058	0.709	1.268	0.752	1.169	1.254	0.834	0.974	0.582	0.814	1.101	0.914	0.924	0.689	1.232	0.775	1.038	1.182	0.769												
45:20:02													0.962	0.585	0.795	1.159	0.859	1.048	0.670	1.268	0.772	1.163	1.141	0.809	0.895	0.904	0.924	0.785	0.914	1.032	0.705	1.294	0.773	1.189	1.237	0.855	1.083	0.616	0.870	1.172	0.953	1.062	0.714	1.307	0.833	1.151	1.250	0.836	0.964	0.623	0.850	1.164	0.943	1.030	0.732	1.292	0.783	1.173	1.249	0.879	0.969	0.614	0.879	1.170	0.897	1.056	0.708	1.266	0.753	1.165	1.253	0.832	0.973	0.583	0.814	1.101	0.913	0.924	0.689	1.233	0.774	1.036	1.182	0.768												
45:40:02													0.961	0.586	0.795	1.159	0.859	1.048	0.670	1.268	0.772	1.156	1.138	0.807	0.894	0.904	0.925	0.784	0.913	1.030	0.704	1.291	0.773	1.190	1.237	0.852	1.083	0.616	0.869	1.171	0.952	1.060	0.714	1.305	0.832	1.149	1.250	0.835	0.963	0.622	0.850	1.162	0.943	1.028	0.731	1.290	0.782	1.172	1.246	0.874	0.968	0.613	0.879	1.169	0.896	1.054	0.707	1.264	0.752	1.164	1.251	0.831	0.973	0.584	0.813	1.100	0.916	0.924	0.689	1.233	0.774	1.034	1.181	0.766												
46:00:02													0.960	0.587	0.795	1.159	0.858	1.048	0.670	1.268	0.772	1.173	1.135	0.805	0.893	0.904	0.926	0.782	0.913	1.028	0.704	1.289	0.772	1.190	1.235	0.850	1.082	0.615	0.869	1.169	0.952	1.058	0.713	1.303	0.832	1.149	1.251	0.832	0.963	0.622	0.850	1.161	0.942	1.026	0.730	1.288	0.782	1.169	1.244	0.875	0.967	0.613	0.879	1.169	0.895	1.052	0.707	1.262	0.751	1.160	1.249	0.829	0.973	0.584	0.813	1.098	0.918	0.925	0.690	1.233	0.774	1.033	1.180	0.764												
46:20:02													0.959	0.587	0.794	1.159	0.857	1.048	0.670	1.270	0.772	1.148	1.133	0.803	0.892	0.904	0.928	0.780	0.912	1.027	0.704	1.286	0.771	1.188	1.236	0.846	1.082	0.614	0.869	1.168	0.952	1.057	0.713	1.301	0.831	1.148	1.248	0.830	0.962	0.621	0.850	1.159	0.941	1.024	0.730	1.286	0.781	1.162	1.243	0.874	0.966	0.613	0.878	1.169	0.895	1.050	0.707	1.260	0.751	1.159	1.246	0.827	0.971	0.584	0.812	1.098	0.914	0.923	0.690	1.232	0.774	1.033	1.178	0.761												
46:40:02													0.958	0.588	0.794	1.158	0.857	1.047	0.670	1.269	0.772	1.145	1.132	0.800	0.892	0.904	0.929	0.779	0.911	1.026	0.704	1.283	0.772	1.187	1.234	0.844	1.082	0.614	0.868	1.167	0.951	1.055	0.712	1.299	0.830	1.146	1.245	0.828	0.960	0.621	0.850	1.158	0.941	1.022	0.729	1.284	0.780	1.159	1.243	0.872	0.966	0.613	0.878	1.169	0.893	1.050	0.706	1.259	0.750	1.159	1.240	0.825	0.971	0.585	0.812	1.098	0.912	0.923	0.690	1.232	0.773	1.030	1.175	0.761												
47:00:02													0.957	0.588	0.794	1.158	0.857	1.046	0.670	1.271	0.771	1.142	1.130	0.798	0.891	0.904	0.931	0.778	0.911	1.021	0.704	1.281	0.771	1.187	1.232	0.841	1.081	0.613	0.868	1.165	0.951	1.054	0.712	1.296	0.830	1.145	1.244	0.827	0.960	0.621	0.849	1.155	0.940	1.020	0.729	1.281	0.780	1.155	1.243	0.871	0.965	0.612	0.877	1.169	0.893	1.050	0.706	1.257	0.750	1.157	1.239	0.823	0.970	0.585	0.811	1.097	0.911	0.922	0.690	1.234	0.773	1.029	1.171	0.759												
47:20:02													0.956	0.589	0.793	1.157	0.856	1.046	0.669	1.270	0.772	1.140	1.128	0.796	0.890	0.904	0.932	0.776	0.910	1.019	0.703	1.279	0.771	1.192	1.229	0.838	1.081	0.613	0.867	1.163	0.950	1.052	0.711	1.294	0.829	1.143	1.243	0.826	0.959	0.620	0.849	1.153	0.940	1.017	0.729	1.279	0.779	1.153	1.241	0.872	0.964	0.612	0.877	1.169	0.892	1.050	0.705	1.256	0.749	1.157	1.235	0.821	0.970	0.585	0.811	1.096	0.912	0.921	0.690	1.234	0.772	1.029	1.170	0.757												
47:40:02													0.955	0.589	0.792	1.157	0.856	1.045	0.670	1.274	0.771	1.139	1.127	0.795	0.889	0.904	0.933	0.775	0.910	1.016	0.703	1.276	0.771	1.191	1.226	0.836	1.081	0.612	0.867	1.162	0.950	1.050	0.711	1.292	0.829	1.143	1.244	0.823	0.958	0.620	0.848	1.152	0.939	1.015	0.728	1.276	0.779	1.152	1.240	0.873	0.964	0.612	0.876	1.169	0.892	1.049	0.705	1.254	0.749	1.159	1.236	0.820	0.969	0.585	0.811	1.095	0.912	0.921	0.690	1.236	0.771	1.028	1.169	0.756												
48:00:02													0.954	0.589	0.792	1.157	0.856	1.045	0.669	1.269	0.771	1.135	1.124	0.793	0.889	0.904	0.934	0.773	0.910	1.014	0.703	1.274	0.771	1.187	1.224	0.834	1.080	0.612	0.867	1.160	0.949	1.048	0.711	1.290	0.828	1.141	1.244	0.822	0.958	0.620	0.848	1.151	0.939	1.013	0.728	1.274	0.778	1.150	1.238	0.875	0.963	0.612	0.876	1.168	0.891	1.048	0.705	1.253	0.749	1.159	1.237	0.818	0.969	0.585	0.810	1.094	0.913	0.921	0.690	1.238	0.770	1.027	1.169	0.755												

