Field Group

Plate Comment:	
Procedure Summary
  Plate Type:              Corning 96 well for LogPhase600
  Plate Number:            2
  Discontinuous Kinetics:  Runtime 02:00:00 (D:HH:MM), Interval 00:20:00 (HH:MM:SS), 145 Reads (max)
  Read:                    600 nm
  Incubator:               On
    Temperature setpoint:  30 °C
    Temperature gradient:  On
  Shaking:                 On
     Shaking frequency:    600 RPMs		
			
			

600

Time	A1	A2	A3	A4	A5	A6	A7	A8	A9	A10	A11	A12	B1	B2	B3	B4	B5	B6	B7	B8	B9	B10	B11	B12	C1	C2	C3	C4	C5	C6	C7	C8	C9	C10	C11	C12	D1	D2	D3	D4	D5	D6	D7	D8	D9	D10	D11	D12	E1	E2	E3	E4	E5	E6	E7	E8	E9	E10	E11	E12	F1	F2	F3	F4	F5	F6	F7	F8	F9	F10	F11	F12	G1	G2	G3	G4	G5	G6	G7	G8	G9	G10	G11	G12	H1	H2	H3	H4	H5	H6	H7	H8	H9	H10	H11	H12
0:00:00													0.160	0.171	0.158	0.154	0.149	0.153	0.159	0.156	0.159	0.153	0.159	0.155	0.150	0.162	0.153	0.152	0.156	0.158	0.157	0.152	0.152	0.154	0.159	0.158	0.156	0.154	0.161	0.160	0.160	0.161	0.154	0.158	0.154	0.154	0.156	0.157	0.165	0.161	0.157	0.156	0.160	0.153	0.159	0.144	0.156	0.153	0.155	0.158	0.205	0.155	0.152	0.147	0.154	0.155	0.152	0.152	0.160	0.156	0.152	0.152	0.153	0.162	0.166	0.158	0.158	0.154	0.156	0.158	0.152	0.153	0.156	0.151												
0:20:00													0.159	0.169	0.156	0.153	0.148	0.152	0.157	0.154	0.155	0.152	0.158	0.154	0.149	0.160	0.152	0.151	0.155	0.156	0.156	0.152	0.151	0.155	0.158	0.156	0.154	0.154	0.159	0.158	0.158	0.160	0.155	0.157	0.154	0.152	0.155	0.155	0.164	0.160	0.155	0.158	0.159	0.151	0.159	0.144	0.155	0.152	0.154	0.157	0.219	0.154	0.151	0.146	0.156	0.154	0.151	0.151	0.160	0.155	0.152	0.151	0.152	0.161	0.164	0.156	0.156	0.153	0.155	0.155	0.151	0.152	0.154	0.150												
0:40:00													0.158	0.168	0.155	0.153	0.147	0.152	0.156	0.153	0.154	0.152	0.157	0.153	0.149	0.157	0.151	0.151	0.154	0.155	0.155	0.151	0.151	0.158	0.157	0.155	0.154	0.153	0.158	0.156	0.157	0.159	0.154	0.157	0.153	0.152	0.154	0.154	0.163	0.159	0.154	0.162	0.158	0.151	0.163	0.144	0.153	0.151	0.153	0.157	0.238	0.153	0.150	0.146	0.160	0.153	0.151	0.150	0.161	0.154	0.151	0.150	0.152	0.160	0.162	0.155	0.155	0.153	0.155	0.154	0.150	0.151	0.153	0.150												
1:00:00													0.157	0.168	0.155	0.152	0.147	0.151	0.155	0.152	0.153	0.151	0.156	0.153	0.149	0.156	0.151	0.150	0.153	0.155	0.154	0.151	0.150	0.160	0.156	0.154	0.153	0.152	0.157	0.155	0.156	0.158	0.154	0.158	0.152	0.151	0.153	0.154	0.163	0.158	0.153	0.166	0.157	0.150	0.170	0.144	0.153	0.150	0.153	0.157	0.256	0.153	0.150	0.145	0.167	0.153	0.150	0.151	0.161	0.154	0.151	0.150	0.151	0.159	0.162	0.154	0.154	0.152	0.154	0.153	0.150	0.151	0.153	0.149												
1:20:00													0.157	0.167	0.154	0.152	0.146	0.150	0.154	0.152	0.153	0.151	0.155	0.153	0.150	0.155	0.150	0.150	0.152	0.154	0.154	0.150	0.150	0.162	0.155	0.154	0.153	0.151	0.157	0.154	0.156	0.157	0.154	0.158	0.152	0.150	0.152	0.153	0.162	0.158	0.152	0.170	0.156	0.150	0.177	0.143	0.152	0.150	0.152	0.157	0.273	0.152	0.149	0.145	0.174	0.152	0.150	0.151	0.162	0.153	0.150	0.149	0.151	0.159	0.161	0.154	0.154	0.152	0.154	0.152	0.149	0.151	0.152	0.149												
1:40:00													0.157	0.167	0.154	0.151	0.146	0.150	0.153	0.152	0.153	0.150	0.154	0.151	0.149	0.154	0.150	0.149	0.152	0.154	0.154	0.150	0.150	0.164	0.155	0.153	0.153	0.151	0.156	0.154	0.156	0.156	0.153	0.160	0.152	0.150	0.152	0.153	0.162	0.157	0.151	0.171	0.156	0.150	0.184	0.143	0.152	0.149	0.152	0.156	0.286	0.152	0.149	0.145	0.181	0.152	0.149	0.151	0.163	0.153	0.150	0.149	0.150	0.158	0.160	0.153	0.153	0.152	0.154	0.152	0.149	0.151	0.152	0.148												
2:00:00													0.156	0.166	0.154	0.151	0.146	0.150	0.153	0.151	0.152	0.150	0.154	0.151	0.150	0.154	0.150	0.149	0.152	0.153	0.153	0.149	0.149	0.165	0.154	0.153	0.152	0.151	0.155	0.153	0.155	0.156	0.153	0.161	0.151	0.150	0.152	0.152	0.161	0.157	0.151	0.173	0.155	0.149	0.191	0.143	0.152	0.149	0.151	0.156	0.298	0.152	0.149	0.145	0.186	0.152	0.149	0.151	0.164	0.153	0.150	0.149	0.151	0.158	0.160	0.152	0.153	0.152	0.154	0.151	0.149	0.151	0.151	0.148												
2:20:00													0.156	0.166	0.154	0.151	0.146	0.150	0.153	0.151	0.152	0.149	0.155	0.151	0.150	0.154	0.149	0.149	0.152	0.152	0.153	0.149	0.149	0.167	0.153	0.152	0.152	0.150	0.155	0.153	0.155	0.155	0.153	0.163	0.151	0.150	0.152	0.152	0.161	0.157	0.151	0.174	0.155	0.149	0.195	0.143	0.152	0.149	0.151	0.156	0.308	0.151	0.149	0.145	0.190	0.152	0.148	0.150	0.165	0.152	0.150	0.148	0.151	0.157	0.160	0.152	0.153	0.151	0.153	0.151	0.149	0.151	0.151	0.148												
2:40:00													0.157	0.166	0.154	0.151	0.146	0.149	0.152	0.150	0.152	0.150	0.157	0.151	0.151	0.154	0.150	0.148	0.152	0.152	0.153	0.149	0.149	0.169	0.153	0.152	0.152	0.150	0.155	0.152	0.155	0.155	0.153	0.164	0.150	0.149	0.151	0.151	0.161	0.156	0.151	0.176	0.155	0.149	0.198	0.143	0.151	0.148	0.151	0.155	0.317	0.151	0.149	0.145	0.194	0.151	0.148	0.151	0.165	0.152	0.149	0.148	0.151	0.157	0.159	0.151	0.153	0.151	0.153	0.151	0.149	0.150	0.151	0.147												
3:00:00													0.157	0.166	0.154	0.150	0.147	0.149	0.152	0.150	0.151	0.150	0.158	0.151	0.152	0.154	0.150	0.148	0.152	0.152	0.153	0.149	0.149	0.170	0.152	0.151	0.153	0.150	0.155	0.152	0.155	0.155	0.153	0.165	0.150	0.150	0.151	0.151	0.162	0.156	0.151	0.179	0.155	0.149	0.203	0.143	0.151	0.148	0.150	0.155	0.324	0.151	0.150	0.146	0.198	0.151	0.148	0.150	0.166	0.152	0.149	0.148	0.151	0.157	0.160	0.151	0.154	0.151	0.153	0.151	0.148	0.150	0.151	0.147												
3:20:00													0.157	0.166	0.155	0.150	0.148	0.149	0.152	0.150	0.152	0.150	0.156	0.152	0.153	0.153	0.151	0.148	0.153	0.152	0.153	0.149	0.148	0.172	0.151	0.151	0.153	0.150	0.156	0.152	0.155	0.154	0.152	0.167	0.151	0.150	0.151	0.151	0.162	0.155	0.152	0.182	0.155	0.149	0.207	0.143	0.151	0.148	0.150	0.155	0.331	0.151	0.150	0.146	0.200	0.151	0.148	0.150	0.167	0.151	0.149	0.148	0.152	0.156	0.160	0.151	0.154	0.150	0.153	0.150	0.148	0.149	0.150	0.147												
3:40:00													0.159	0.166	0.157	0.150	0.149	0.149	0.152	0.150	0.152	0.150	0.156	0.152	0.155	0.153	0.152	0.148	0.155	0.152	0.153	0.149	0.148	0.172	0.151	0.151	0.154	0.150	0.157	0.152	0.157	0.154	0.153	0.168	0.151	0.150	0.151	0.151	0.164	0.155	0.154	0.184	0.157	0.149	0.210	0.143	0.151	0.148	0.150	0.155	0.336	0.151	0.152	0.146	0.203	0.150	0.148	0.150	0.168	0.151	0.149	0.148	0.154	0.157	0.162	0.151	0.156	0.150	0.153	0.150	0.149	0.149	0.150	0.147												
4:00:00													0.162	0.167	0.159	0.149	0.152	0.149	0.152	0.150	0.152	0.150	0.157	0.152	0.158	0.153	0.155	0.148	0.158	0.152	0.153	0.149	0.148	0.174	0.151	0.151	0.157	0.150	0.160	0.152	0.159	0.154	0.153	0.169	0.151	0.149	0.150	0.150	0.166	0.155	0.156	0.186	0.159	0.148	0.214	0.142	0.151	0.148	0.150	0.155	0.341	0.151	0.154	0.146	0.205	0.150	0.148	0.149	0.169	0.151	0.148	0.148	0.156	0.157	0.164	0.151	0.159	0.150	0.153	0.150	0.148	0.149	0.150	0.147												
4:20:00													0.166	0.167	0.163	0.149	0.156	0.149	0.152	0.149	0.152	0.150	0.156	0.153	0.162	0.153	0.159	0.148	0.162	0.152	0.153	0.148	0.148	0.174	0.151	0.151	0.160	0.150	0.163	0.151	0.163	0.154	0.153	0.171	0.151	0.149	0.150	0.150	0.170	0.155	0.161	0.188	0.163	0.148	0.217	0.142	0.151	0.148	0.149	0.154	0.342	0.151	0.158	0.146	0.209	0.150	0.148	0.149	0.170	0.151	0.148	0.147	0.160	0.157	0.168	0.150	0.163	0.150	0.153	0.149	0.148	0.149	0.150	0.147												
4:40:00													0.171	0.167	0.169	0.149	0.163	0.149	0.152	0.149	0.152	0.150	0.156	0.153	0.168	0.153	0.165	0.148	0.168	0.152	0.154	0.148	0.148	0.175	0.150	0.151	0.165	0.150	0.170	0.151	0.168	0.154	0.153	0.172	0.151	0.149	0.150	0.150	0.175	0.155	0.167	0.189	0.170	0.148	0.222	0.142	0.151	0.148	0.149	0.154	0.343	0.151	0.164	0.146	0.213	0.150	0.148	0.149	0.171	0.150	0.148	0.147	0.165	0.157	0.174	0.150	0.169	0.150	0.153	0.149	0.149	0.149	0.150	0.147												
5:00:00													0.181	0.167	0.178	0.149	0.172	0.149	0.153	0.149	0.153	0.150	0.156	0.153	0.177	0.153	0.174	0.148	0.179	0.151	0.154	0.148	0.149	0.176	0.150	0.150	0.174	0.151	0.179	0.151	0.177	0.154	0.154	0.173	0.151	0.149	0.150	0.150	0.184	0.155	0.177	0.190	0.180	0.148	0.225	0.142	0.152	0.148	0.149	0.154	0.341	0.151	0.173	0.147	0.219	0.149	0.149	0.149	0.173	0.150	0.148	0.147	0.175	0.157	0.183	0.150	0.180	0.150	0.154	0.149	0.149	0.149	0.150	0.147												
5:20:00													0.195	0.168	0.192	0.149	0.187	0.148	0.154	0.149	0.153	0.150	0.155	0.153	0.190	0.154	0.187	0.147	0.194	0.151	0.155	0.148	0.150	0.176	0.150	0.150	0.187	0.151	0.192	0.151	0.189	0.153	0.155	0.174	0.151	0.149	0.150	0.150	0.196	0.156	0.191	0.191	0.195	0.148	0.229	0.142	0.153	0.147	0.149	0.154	0.335	0.152	0.187	0.147	0.225	0.149	0.149	0.149	0.174	0.150	0.148	0.147	0.187	0.158	0.197	0.150	0.194	0.150	0.154	0.148	0.150	0.149	0.150	0.147												
5:40:00													0.211	0.169	0.209	0.149	0.204	0.149	0.155	0.149	0.154	0.149	0.155	0.153	0.208	0.155	0.204	0.147	0.213	0.151	0.156	0.148	0.151	0.177	0.150	0.150	0.204	0.152	0.211	0.151	0.205	0.153	0.156	0.175	0.152	0.149	0.149	0.150	0.212	0.157	0.207	0.192	0.213	0.148	0.232	0.142	0.154	0.147	0.148	0.154	0.333	0.153	0.203	0.147	0.227	0.149	0.150	0.149	0.176	0.150	0.148	0.147	0.204	0.159	0.215	0.149	0.210	0.150	0.155	0.148	0.152	0.149	0.149	0.147												
6:00:00													0.233	0.170	0.232	0.149	0.227	0.149	0.157	0.149	0.155	0.149	0.155	0.153	0.233	0.156	0.226	0.147	0.237	0.151	0.158	0.148	0.152	0.177	0.150	0.150	0.227	0.154	0.234	0.151	0.228	0.153	0.158	0.176	0.154	0.149	0.149	0.150	0.233	0.158	0.231	0.191	0.238	0.148	0.233	0.142	0.155	0.147	0.148	0.154	0.321	0.154	0.226	0.147	0.248	0.149	0.152	0.149	0.178	0.150	0.148	0.147	0.227	0.160	0.236	0.149	0.236	0.150	0.157	0.148	0.153	0.149	0.149	0.146												
6:20:00													0.263	0.172	0.263	0.148	0.254	0.148	0.158	0.149	0.157	0.150	0.154	0.153	0.265	0.157	0.256	0.147	0.268	0.151	0.160	0.148	0.154	0.178	0.150	0.150	0.257	0.156	0.265	0.150	0.254	0.153	0.160	0.176	0.156	0.149	0.149	0.149	0.262	0.159	0.260	0.191	0.266	0.148	0.236	0.142	0.157	0.147	0.148	0.153	0.316	0.156	0.255	0.147	0.278	0.149	0.154	0.149	0.181	0.150	0.148	0.147	0.256	0.161	0.265	0.149	0.264	0.150	0.159	0.147	0.155	0.149	0.149	0.146												
6:40:00													0.288	0.175	0.291	0.148	0.278	0.148	0.161	0.149	0.160	0.149	0.154	0.153	0.293	0.159	0.282	0.147	0.293	0.151	0.162	0.148	0.157	0.178	0.149	0.150	0.281	0.158	0.290	0.150	0.277	0.153	0.163	0.177	0.159	0.149	0.149	0.149	0.287	0.162	0.283	0.191	0.291	0.148	0.241	0.142	0.160	0.147	0.148	0.153	0.306	0.158	0.280	0.147	0.304	0.149	0.157	0.149	0.184	0.149	0.147	0.147	0.283	0.164	0.291	0.149	0.290	0.150	0.162	0.147	0.158	0.149	0.149	0.146												
7:00:00													0.319	0.178	0.322	0.148	0.307	0.149	0.165	0.148	0.163	0.149	0.154	0.153	0.326	0.162	0.307	0.146	0.325	0.151	0.166	0.148	0.161	0.179	0.149	0.150	0.309	0.161	0.321	0.150	0.306	0.153	0.167	0.178	0.163	0.149	0.149	0.149	0.313	0.164	0.309	0.190	0.320	0.148	0.243	0.142	0.163	0.147	0.148	0.153	0.334	0.161	0.307	0.147	0.336	0.149	0.160	0.148	0.188	0.149	0.147	0.147	0.317	0.167	0.318	0.149	0.323	0.150	0.165	0.147	0.161	0.149	0.149	0.146												
7:20:00													0.355	0.182	0.357	0.148	0.341	0.149	0.169	0.148	0.167	0.150	0.154	0.153	0.361	0.166	0.341	0.146	0.363	0.150	0.170	0.147	0.166	0.180	0.149	0.150	0.341	0.166	0.355	0.150	0.341	0.153	0.172	0.178	0.167	0.148	0.149	0.149	0.347	0.168	0.342	0.190	0.353	0.147	0.247	0.142	0.168	0.147	0.147	0.153	0.364	0.164	0.342	0.147	0.375	0.149	0.165	0.148	0.193	0.149	0.147	0.147	0.358	0.171	0.352	0.149	0.359	0.149	0.170	0.147	0.166	0.149	0.149	0.146												
7:40:00													0.388	0.188	0.391	0.148	0.371	0.149	0.175	0.148	0.173	0.150	0.154	0.153	0.393	0.170	0.376	0.146	0.393	0.150	0.176	0.148	0.172	0.181	0.149	0.150	0.375	0.172	0.386	0.150	0.373	0.153	0.179	0.179	0.173	0.148	0.149	0.149	0.380	0.173	0.370	0.190	0.380	0.148	0.252	0.142	0.174	0.147	0.147	0.153	0.389	0.169	0.370	0.147	0.406	0.149	0.171	0.148	0.199	0.149	0.147	0.147	0.390	0.176	0.383	0.149	0.390	0.149	0.177	0.147	0.173	0.149	0.149	0.146												
8:00:00													0.405	0.195	0.412	0.148	0.386	0.149	0.184	0.148	0.180	0.150	0.154	0.154	0.406	0.177	0.406	0.146	0.413	0.150	0.185	0.147	0.181	0.181	0.149	0.150	0.393	0.178	0.410	0.150	0.391	0.153	0.188	0.180	0.182	0.148	0.149	0.149	0.402	0.180	0.387	0.189	0.393	0.148	0.258	0.141	0.183	0.147	0.147	0.153	0.406	0.176	0.387	0.147	0.422	0.149	0.179	0.148	0.207	0.149	0.147	0.147	0.406	0.183	0.403	0.148	0.398	0.149	0.186	0.147	0.181	0.149	0.149	0.147												
8:20:00													0.409	0.205	0.414	0.148	0.389	0.149	0.196	0.148	0.190	0.150	0.154	0.154	0.407	0.185	0.406	0.146	0.420	0.151	0.196	0.147	0.194	0.182	0.149	0.150	0.401	0.188	0.416	0.150	0.400	0.154	0.200	0.180	0.194	0.148	0.148	0.149	0.408	0.190	0.391	0.189	0.401	0.148	0.265	0.141	0.195	0.147	0.147	0.153	0.411	0.185	0.391	0.147	0.427	0.149	0.190	0.148	0.219	0.149	0.147	0.147	0.404	0.192	0.408	0.148	0.411	0.149	0.197	0.147	0.193	0.149	0.149	0.147												
8:40:00													0.411	0.216	0.422	0.147	0.399	0.149	0.209	0.148	0.203	0.149	0.154	0.155	0.410	0.196	0.424	0.146	0.445	0.151	0.211	0.147	0.207	0.190	0.148	0.150	0.403	0.201	0.440	0.149	0.427	0.154	0.215	0.173	0.208	0.148	0.148	0.149	0.410	0.202	0.398	0.202	0.418	0.148	0.281	0.141	0.208	0.148	0.146	0.153	0.408	0.196	0.392	0.145	0.433	0.151	0.205	0.147	0.228	0.149	0.147	0.147	0.398	0.203	0.418	0.148	0.430	0.150	0.211	0.147	0.208	0.147	0.148	0.147												
9:00:00													0.410	0.234	0.421	0.147	0.409	0.150	0.230	0.148	0.220	0.150	0.154	0.154	0.410	0.209	0.456	0.146	0.480	0.151	0.230	0.147	0.227	0.183	0.148	0.150	0.407	0.217	0.485	0.149	0.455	0.155	0.235	0.181	0.228	0.149	0.148	0.149	0.411	0.217	0.410	0.189	0.444	0.149	0.289	0.141	0.228	0.148	0.147	0.153	0.406	0.210	0.401	0.147	0.448	0.150	0.223	0.148	0.254	0.148	0.147	0.148	0.401	0.219	0.424	0.148	0.451	0.149	0.232	0.146	0.229	0.149	0.148	0.147												
9:20:00													0.413	0.254	0.438	0.147	0.423	0.150	0.253	0.148	0.242	0.150	0.154	0.155	0.420	0.229	0.496	0.146	0.511	0.152	0.255	0.147	0.251	0.191	0.148	0.151	0.423	0.237	0.521	0.149	0.485	0.156	0.259	0.173	0.252	0.149	0.148	0.149	0.413	0.239	0.433	0.201	0.475	0.149	0.308	0.142	0.251	0.148	0.146	0.154	0.413	0.228	0.418	0.145	0.474	0.152	0.246	0.147	0.273	0.149	0.147	0.149	0.401	0.240	0.435	0.148	0.472	0.150	0.256	0.146	0.253	0.147	0.148	0.147												
9:40:00													0.416	0.276	0.456	0.147	0.438	0.151	0.278	0.148	0.267	0.150	0.154	0.155	0.429	0.247	0.526	0.146	0.538	0.152	0.279	0.147	0.274	0.192	0.148	0.151	0.449	0.258	0.548	0.149	0.507	0.155	0.283	0.173	0.274	0.149	0.148	0.150	0.418	0.260	0.455	0.200	0.501	0.149	0.317	0.141	0.273	0.149	0.146	0.155	0.421	0.247	0.439	0.145	0.497	0.152	0.271	0.147	0.294	0.150	0.147	0.148	0.404	0.258	0.444	0.148	0.492	0.150	0.279	0.146	0.278	0.147	0.148	0.149												
10:00:00													0.420	0.299	0.469	0.147	0.454	0.152	0.305	0.148	0.290	0.151	0.154	0.154	0.442	0.266	0.550	0.146	0.561	0.153	0.303	0.147	0.302	0.184	0.148	0.150	0.473	0.278	0.571	0.149	0.526	0.158	0.311	0.182	0.300	0.150	0.148	0.151	0.423	0.280	0.474	0.187	0.523	0.151	0.328	0.141	0.301	0.150	0.147	0.155	0.431	0.264	0.454	0.146	0.514	0.153	0.294	0.148	0.324	0.150	0.147	0.147	0.408	0.281	0.455	0.148	0.508	0.150	0.306	0.146	0.305	0.150	0.148	0.150												
10:20:00													0.430	0.326	0.486	0.147	0.469	0.153	0.339	0.148	0.321	0.152	0.154	0.155	0.458	0.293	0.569	0.146	0.582	0.154	0.341	0.147	0.332	0.191	0.148	0.153	0.496	0.307	0.591	0.149	0.541	0.157	0.342	0.174	0.331	0.151	0.148	0.150	0.432	0.312	0.494	0.199	0.541	0.152	0.347	0.141	0.332	0.151	0.146	0.154	0.444	0.293	0.476	0.145	0.532	0.153	0.329	0.147	0.354	0.149	0.147	0.150	0.412	0.305	0.469	0.147	0.525	0.151	0.340	0.146	0.343	0.147	0.148	0.150												
10:40:00													0.440	0.352	0.496	0.147	0.484	0.153	0.363	0.148	0.352	0.151	0.153	0.155	0.471	0.317	0.585	0.145	0.596	0.154	0.360	0.147	0.352	0.189	0.148	0.153	0.515	0.325	0.608	0.149	0.555	0.160	0.364	0.174	0.350	0.152	0.148	0.151	0.442	0.328	0.510	0.198	0.555	0.153	0.366	0.141	0.350	0.152	0.146	0.155	0.453	0.308	0.490	0.145	0.547	0.155	0.352	0.147	0.371	0.150	0.147	0.151	0.418	0.333	0.482	0.147	0.541	0.151	0.362	0.146	0.360	0.147	0.148	0.153												
11:00:00													0.448	0.357	0.501	0.147	0.495	0.155	0.384	0.147	0.369	0.152	0.153	0.155	0.484	0.331	0.598	0.145	0.609	0.156	0.374	0.147	0.364	0.182	0.148	0.152	0.528	0.339	0.622	0.149	0.566	0.161	0.382	0.183	0.361	0.153	0.148	0.151	0.451	0.343	0.520	0.184	0.568	0.154	0.380	0.141	0.363	0.153	0.146	0.156	0.462	0.329	0.501	0.146	0.559	0.155	0.366	0.148	0.383	0.151	0.146	0.151	0.423	0.342	0.492	0.147	0.554	0.151	0.380	0.146	0.375	0.149	0.148	0.153												
11:20:00													0.462	0.367	0.510	0.146	0.504	0.156	0.389	0.148	0.376	0.152	0.153	0.157	0.499	0.348	0.608	0.145	0.621	0.156	0.382	0.147	0.369	0.186	0.148	0.154	0.541	0.351	0.634	0.149	0.573	0.161	0.390	0.174	0.367	0.153	0.148	0.154	0.462	0.352	0.530	0.195	0.578	0.155	0.388	0.141	0.372	0.154	0.145	0.157	0.470	0.329	0.515	0.144	0.573	0.157	0.383	0.147	0.387	0.154	0.147	0.150	0.428	0.353	0.506	0.147	0.566	0.153	0.385	0.146	0.381	0.148	0.148	0.155												
11:40:00													0.468	0.374	0.511	0.147	0.512	0.159	0.399	0.147	0.387	0.152	0.153	0.157	0.510	0.344	0.618	0.145	0.635	0.157	0.388	0.147	0.374	0.179	0.148	0.156	0.547	0.350	0.640	0.149	0.579	0.165	0.400	0.182	0.375	0.156	0.148	0.153	0.471	0.350	0.537	0.181	0.587	0.156	0.397	0.141	0.379	0.154	0.146	0.157	0.473	0.333	0.521	0.145	0.582	0.159	0.388	0.148	0.391	0.155	0.146	0.148	0.434	0.364	0.514	0.147	0.573	0.154	0.393	0.146	0.390	0.151	0.148	0.158												
12:00:00													0.478	0.378	0.515	0.146	0.517	0.161	0.400	0.147	0.396	0.155	0.153	0.160	0.518	0.357	0.622	0.145	0.646	0.161	0.394	0.147	0.379	0.182	0.147	0.156	0.553	0.354	0.648	0.149	0.583	0.162	0.407	0.174	0.376	0.158	0.148	0.156	0.477	0.353	0.545	0.191	0.595	0.159	0.405	0.141	0.385	0.157	0.145	0.161	0.478	0.340	0.532	0.144	0.591	0.161	0.412	0.148	0.394	0.156	0.147	0.149	0.438	0.371	0.527	0.147	0.582	0.157	0.396	0.146	0.388	0.150	0.148	0.158												
12:20:00													0.480	0.384	0.519	0.147	0.519	0.165	0.411	0.147	0.397	0.159	0.153	0.162	0.525	0.360	0.638	0.145	0.656	0.163	0.398	0.147	0.386	0.177	0.147	0.161	0.559	0.351	0.662	0.149	0.584	0.174	0.412	0.183	0.384	0.162	0.147	0.156	0.483	0.367	0.551	0.179	0.600	0.163	0.420	0.141	0.390	0.160	0.146	0.161	0.479	0.352	0.533	0.144	0.599	0.165	0.421	0.147	0.399	0.158	0.146	0.154	0.442	0.376	0.530	0.147	0.589	0.159	0.401	0.146	0.393	0.153	0.148	0.161												
12:40:00													0.488	0.388	0.536	0.146	0.521	0.172	0.409	0.147	0.405	0.164	0.153	0.166	0.535	0.366	0.654	0.145	0.667	0.168	0.404	0.147	0.391	0.181	0.147	0.165	0.564	0.365	0.671	0.149	0.585	0.196	0.424	0.175	0.389	0.173	0.148	0.162	0.483	0.365	0.557	0.188	0.607	0.173	0.433	0.141	0.397	0.168	0.145	0.165	0.482	0.362	0.544	0.144	0.607	0.176	0.433	0.147	0.401	0.161	0.147	0.154	0.445	0.377	0.548	0.147	0.596	0.164	0.406	0.146	0.397	0.155	0.148	0.166												
13:00:00													0.488	0.392	0.551	0.146	0.523	0.192	0.416	0.147	0.411	0.168	0.153	0.172	0.546	0.364	0.667	0.145	0.681	0.169	0.406	0.147	0.395	0.190	0.147	0.175	0.568	0.375	0.688	0.149	0.596	0.205	0.444	0.175	0.394	0.201	0.147	0.166	0.488	0.365	0.566	0.184	0.611	0.200	0.444	0.141	0.399	0.201	0.145	0.171	0.481	0.363	0.548	0.144	0.614	0.207	0.449	0.147	0.405	0.180	0.147	0.159	0.451	0.377	0.558	0.147	0.597	0.170	0.411	0.146	0.401	0.159	0.148	0.174												
13:20:00													0.494	0.392	0.565	0.146	0.523	0.216	0.420	0.147	0.404	0.188	0.153	0.180	0.556	0.371	0.685	0.145	0.697	0.168	0.413	0.147	0.400	0.207	0.147	0.198	0.572	0.373	0.700	0.149	0.607	0.204	0.465	0.184	0.402	0.186	0.147	0.190	0.492	0.370	0.569	0.172	0.622	0.200	0.462	0.141	0.405	0.193	0.146	0.200	0.481	0.357	0.554	0.144	0.621	0.212	0.464	0.147	0.410	0.207	0.146	0.175	0.456	0.378	0.571	0.147	0.601	0.183	0.419	0.146	0.406	0.168	0.148	0.197												
13:40:00													0.503	0.402	0.594	0.146	0.529	0.222	0.423	0.147	0.411	0.214	0.152	0.202	0.568	0.376	0.700	0.145	0.710	0.189	0.416	0.147	0.404	0.192	0.147	0.206	0.574	0.372	0.709	0.149	0.614	0.199	0.480	0.184	0.410	0.179	0.147	0.205	0.494	0.373	0.578	0.170	0.636	0.197	0.474	0.141	0.411	0.190	0.146	0.205	0.481	0.361	0.563	0.144	0.631	0.215	0.477	0.147	0.414	0.200	0.146	0.203	0.459	0.382	0.586	0.147	0.610	0.214	0.422	0.146	0.413	0.196	0.148	0.209												
14:00:00													0.512	0.397	0.619	0.146	0.535	0.237	0.429	0.147	0.416	0.225	0.153	0.194	0.577	0.382	0.712	0.145	0.718	0.199	0.421	0.147	0.406	0.191	0.147	0.208	0.579	0.376	0.721	0.149	0.626	0.201	0.492	0.175	0.418	0.184	0.147	0.209	0.502	0.379	0.584	0.175	0.647	0.201	0.488	0.141	0.416	0.201	0.145	0.205	0.483	0.365	0.574	0.143	0.645	0.224	0.488	0.147	0.415	0.197	0.146	0.187	0.462	0.383	0.601	0.146	0.620	0.224	0.426	0.146	0.413	0.199	0.147	0.215												
14:20:00													0.519	0.399	0.634	0.146	0.543	0.243	0.431	0.147	0.418	0.236	0.153	0.203	0.585	0.385	0.727	0.145	0.728	0.213	0.422	0.147	0.408	0.194	0.147	0.197	0.585	0.382	0.733	0.149	0.634	0.207	0.505	0.175	0.425	0.193	0.147	0.221	0.510	0.385	0.601	0.172	0.655	0.213	0.503	0.141	0.422	0.212	0.145	0.198	0.486	0.367	0.583	0.143	0.654	0.237	0.495	0.147	0.418	0.205	0.146	0.196	0.466	0.389	0.629	0.146	0.630	0.236	0.429	0.145	0.418	0.206	0.147	0.223												
14:40:00													0.528	0.404	0.648	0.146	0.549	0.262	0.434	0.147	0.421	0.245	0.152	0.222	0.595	0.387	0.738	0.145	0.738	0.235	0.426	0.147	0.410	0.202	0.147	0.207	0.586	0.384	0.744	0.148	0.640	0.220	0.514	0.176	0.430	0.204	0.147	0.230	0.517	0.388	0.609	0.169	0.665	0.232	0.513	0.142	0.430	0.224	0.145	0.203	0.492	0.372	0.591	0.143	0.665	0.255	0.506	0.147	0.422	0.219	0.146	0.228	0.470	0.390	0.647	0.146	0.641	0.252	0.436	0.145	0.421	0.213	0.147	0.238												
15:00:01													0.537	0.405	0.661	0.146	0.556	0.289	0.436	0.147	0.424	0.255	0.152	0.255	0.605	0.391	0.746	0.145	0.745	0.258	0.428	0.147	0.412	0.216	0.147	0.227	0.592	0.389	0.753	0.149	0.646	0.236	0.523	0.175	0.436	0.220	0.147	0.233	0.517	0.388	0.620	0.167	0.675	0.252	0.522	0.142	0.436	0.239	0.145	0.221	0.498	0.373	0.599	0.143	0.674	0.271	0.509	0.147	0.424	0.234	0.147	0.245	0.474	0.392	0.671	0.146	0.651	0.272	0.446	0.145	0.422	0.227	0.147	0.255												
15:20:01													0.538	0.410	0.672	0.146	0.561	0.321	0.441	0.147	0.428	0.258	0.152	0.282	0.612	0.391	0.758	0.145	0.754	0.275	0.430	0.147	0.415	0.237	0.147	0.253	0.602	0.391	0.762	0.149	0.652	0.256	0.533	0.184	0.445	0.239	0.147	0.255	0.524	0.390	0.629	0.160	0.686	0.274	0.530	0.141	0.444	0.256	0.146	0.243	0.504	0.376	0.607	0.143	0.683	0.286	0.515	0.148	0.432	0.247	0.146	0.263	0.479	0.395	0.688	0.147	0.663	0.284	0.459	0.145	0.425	0.244	0.148	0.282												
15:40:01													0.545	0.414	0.683	0.146	0.570	0.350	0.446	0.147	0.430	0.270	0.152	0.306	0.621	0.395	0.770	0.145	0.762	0.292	0.435	0.147	0.417	0.261	0.147	0.269	0.608	0.394	0.770	0.149	0.659	0.274	0.539	0.184	0.452	0.263	0.147	0.274	0.530	0.395	0.638	0.158	0.698	0.294	0.538	0.141	0.452	0.276	0.146	0.268	0.510	0.380	0.615	0.143	0.693	0.314	0.523	0.148	0.436	0.260	0.146	0.285	0.484	0.399	0.704	0.147	0.674	0.302	0.470	0.145	0.427	0.265	0.148	0.323												
16:00:01													0.553	0.416	0.694	0.146	0.579	0.398	0.455	0.147	0.433	0.294	0.152	0.334	0.632	0.400	0.782	0.145	0.770	0.310	0.439	0.147	0.421	0.285	0.147	0.295	0.616	0.396	0.780	0.149	0.667	0.295	0.547	0.185	0.461	0.289	0.147	0.293	0.539	0.397	0.646	0.157	0.707	0.326	0.549	0.141	0.461	0.309	0.146	0.289	0.519	0.383	0.625	0.143	0.702	0.342	0.534	0.147	0.441	0.280	0.146	0.316	0.490	0.402	0.719	0.147	0.684	0.332	0.480	0.145	0.428	0.295	0.147	0.360												
16:20:01													0.563	0.421	0.705	0.146	0.589	0.441	0.463	0.147	0.434	0.319	0.152	0.365	0.641	0.402	0.792	0.145	0.778	0.341	0.441	0.147	0.424	0.314	0.147	0.315	0.626	0.399	0.787	0.149	0.674	0.317	0.555	0.185	0.469	0.326	0.147	0.316	0.550	0.400	0.654	0.154	0.714	0.359	0.562	0.142	0.467	0.336	0.146	0.312	0.528	0.386	0.634	0.143	0.709	0.383	0.550	0.147	0.446	0.303	0.146	0.345	0.497	0.405	0.732	0.146	0.694	0.364	0.489	0.145	0.433	0.327	0.147	0.404												
16:40:01													0.569	0.424	0.713	0.146	0.598	0.482	0.473	0.147	0.438	0.349	0.152	0.398	0.650	0.405	0.801	0.145	0.783	0.375	0.446	0.147	0.427	0.347	0.147	0.341	0.634	0.401	0.793	0.149	0.680	0.335	0.560	0.185	0.478	0.354	0.147	0.334	0.563	0.404	0.661	0.152	0.720	0.391	0.573	0.142	0.471	0.359	0.146	0.330	0.535	0.388	0.641	0.143	0.715	0.425	0.565	0.147	0.451	0.326	0.146	0.373	0.502	0.408	0.742	0.146	0.703	0.401	0.497	0.145	0.436	0.360	0.147	0.442												
17:00:01													0.577	0.426	0.721	0.146	0.608	0.528	0.481	0.147	0.441	0.381	0.152	0.436	0.657	0.407	0.808	0.145	0.787	0.400	0.449	0.147	0.433	0.379	0.147	0.368	0.642	0.404	0.801	0.149	0.685	0.352	0.571	0.185	0.486	0.372	0.147	0.360	0.573	0.407	0.669	0.150	0.725	0.427	0.586	0.142	0.478	0.389	0.146	0.354	0.544	0.392	0.649	0.143	0.720	0.461	0.581	0.147	0.457	0.348	0.146	0.396	0.508	0.412	0.751	0.146	0.710	0.440	0.507	0.145	0.443	0.394	0.147	0.486												
17:20:01													0.590	0.430	0.730	0.146	0.619	0.571	0.487	0.147	0.443	0.416	0.152	0.475	0.664	0.412	0.815	0.145	0.790	0.422	0.453	0.148	0.436	0.413	0.147	0.393	0.651	0.406	0.808	0.149	0.690	0.368	0.582	0.176	0.493	0.402	0.147	0.385	0.584	0.409	0.675	0.148	0.730	0.465	0.604	0.142	0.485	0.426	0.145	0.375	0.552	0.394	0.659	0.143	0.728	0.496	0.599	0.147	0.460	0.377	0.146	0.426	0.512	0.415	0.758	0.146	0.715	0.478	0.517	0.145	0.451	0.429	0.147	0.527												
17:40:01													0.593	0.435	0.736	0.146	0.624	0.621	0.497	0.146	0.448	0.452	0.152	0.508	0.671	0.414	0.824	0.145	0.795	0.447	0.462	0.147	0.446	0.449	0.147	0.420	0.657	0.408	0.813	0.148	0.695	0.393	0.596	0.185	0.505	0.429	0.147	0.423	0.595	0.411	0.683	0.146	0.735	0.492	0.620	0.142	0.495	0.453	0.145	0.409	0.559	0.398	0.664	0.143	0.732	0.525	0.614	0.147	0.467	0.402	0.146	0.452	0.519	0.417	0.765	0.146	0.722	0.513	0.531	0.145	0.467	0.464	0.147	0.578												
18:00:01													0.600	0.437	0.743	0.146	0.633	0.649	0.505	0.147	0.453	0.490	0.152	0.545	0.676	0.417	0.832	0.145	0.800	0.466	0.468	0.147	0.454	0.479	0.146	0.450	0.664	0.411	0.820	0.148	0.701	0.418	0.612	0.185	0.512	0.462	0.147	0.457	0.605	0.414	0.691	0.145	0.741	0.520	0.634	0.141	0.503	0.483	0.145	0.444	0.566	0.401	0.672	0.143	0.738	0.548	0.629	0.147	0.481	0.431	0.146	0.488	0.525	0.420	0.772	0.146	0.729	0.544	0.546	0.145	0.484	0.501	0.147	0.617												
18:20:01													0.608	0.442	0.749	0.146	0.641	0.662	0.513	0.146	0.455	0.532	0.152	0.560	0.684	0.420	0.839	0.144	0.804	0.492	0.475	0.147	0.465	0.517	0.146	0.481	0.672	0.412	0.825	0.148	0.705	0.445	0.624	0.185	0.517	0.495	0.147	0.483	0.616	0.418	0.698	0.145	0.747	0.544	0.648	0.141	0.511	0.505	0.145	0.481	0.574	0.404	0.679	0.143	0.744	0.572	0.641	0.147	0.494	0.460	0.146	0.518	0.531	0.424	0.778	0.146	0.734	0.565	0.562	0.145	0.500	0.538	0.147	0.647												
18:40:01													0.616	0.445	0.755	0.146	0.649	0.706	0.521	0.146	0.459	0.560	0.152	0.611	0.692	0.423	0.845	0.145	0.809	0.515	0.484	0.147	0.475	0.547	0.146	0.514	0.680	0.415	0.831	0.148	0.710	0.471	0.638	0.185	0.522	0.527	0.147	0.512	0.627	0.420	0.705	0.145	0.753	0.561	0.658	0.142	0.519	0.536	0.145	0.516	0.584	0.406	0.687	0.143	0.750	0.599	0.653	0.147	0.509	0.487	0.146	0.554	0.536	0.427	0.784	0.146	0.738	0.585	0.576	0.145	0.513	0.566	0.147	0.668												
19:00:01													0.625	0.449	0.760	0.146	0.657	0.737	0.531	0.146	0.465	0.586	0.152	0.655	0.698	0.426	0.852	0.145	0.814	0.533	0.493	0.147	0.483	0.571	0.146	0.544	0.686	0.418	0.836	0.148	0.715	0.519	0.649	0.185	0.526	0.559	0.147	0.545	0.636	0.423	0.712	0.145	0.758	0.586	0.667	0.142	0.526	0.565	0.145	0.548	0.590	0.409	0.693	0.143	0.755	0.621	0.662	0.147	0.522	0.515	0.146	0.590	0.541	0.429	0.790	0.146	0.743	0.604	0.590	0.145	0.526	0.587	0.147	0.701												
19:20:01													0.632	0.452	0.767	0.146	0.664	0.735	0.542	0.146	0.467	0.608	0.152	0.693	0.703	0.429	0.859	0.145	0.818	0.549	0.506	0.147	0.492	0.609	0.146	0.572	0.694	0.421	0.843	0.148	0.720	0.558	0.660	0.185	0.532	0.581	0.147	0.580	0.646	0.426	0.720	0.145	0.764	0.602	0.677	0.142	0.533	0.591	0.145	0.573	0.599	0.411	0.700	0.143	0.760	0.646	0.671	0.147	0.533	0.547	0.146	0.626	0.547	0.432	0.796	0.146	0.749	0.623	0.601	0.145	0.539	0.618	0.147	0.753												
19:40:01													0.640	0.456	0.773	0.146	0.671	0.712	0.553	0.146	0.470	0.648	0.151	0.722	0.706	0.431	0.865	0.144	0.823	0.563	0.517	0.147	0.501	0.634	0.146	0.606	0.699	0.425	0.848	0.148	0.724	0.631	0.667	0.185	0.537	0.596	0.147	0.619	0.653	0.429	0.726	0.145	0.769	0.612	0.683	0.142	0.540	0.618	0.145	0.609	0.607	0.414	0.705	0.143	0.764	0.661	0.679	0.147	0.541	0.593	0.146	0.675	0.553	0.435	0.801	0.146	0.756	0.645	0.613	0.145	0.551	0.640	0.147	0.781												
20:00:01													0.646	0.459	0.779	0.146	0.678	0.751	0.565	0.146	0.474	0.674	0.152	0.731	0.709	0.434	0.870	0.144	0.829	0.577	0.532	0.147	0.510	0.642	0.146	0.640	0.706	0.427	0.854	0.148	0.728	0.673	0.677	0.184	0.543	0.638	0.147	0.671	0.660	0.432	0.732	0.145	0.773	0.630	0.690	0.142	0.547	0.666	0.145	0.643	0.613	0.416	0.711	0.143	0.767	0.675	0.685	0.147	0.550	0.649	0.146	0.689	0.558	0.437	0.807	0.146	0.765	0.670	0.625	0.145	0.563	0.643	0.147	0.789												
20:20:01													0.654	0.461	0.785	0.146	0.686	0.770	0.578	0.146	0.477	0.717	0.152	0.761	0.713	0.438	0.876	0.144	0.833	0.596	0.547	0.147	0.519	0.670	0.146	0.708	0.711	0.431	0.860	0.148	0.733	0.723	0.687	0.184	0.548	0.673	0.147	0.722	0.667	0.434	0.738	0.145	0.777	0.656	0.697	0.142	0.553	0.707	0.145	0.690	0.620	0.418	0.715	0.143	0.770	0.694	0.693	0.147	0.558	0.694	0.146	0.758	0.563	0.440	0.813	0.146	0.775	0.702	0.637	0.145	0.574	0.661	0.147	0.798												
20:40:01													0.666	0.464	0.793	0.146	0.695	0.786	0.591	0.147	0.480	0.728	0.152	0.788	0.718	0.440	0.882	0.144	0.836	0.605	0.557	0.147	0.523	0.720	0.146	0.753	0.718	0.434	0.867	0.148	0.736	0.769	0.693	0.175	0.553	0.706	0.147	0.789	0.672	0.437	0.742	0.145	0.780	0.687	0.703	0.142	0.560	0.753	0.144	0.734	0.628	0.420	0.723	0.143	0.775	0.713	0.699	0.147	0.566	0.751	0.146	0.802	0.564	0.442	0.820	0.146	0.785	0.729	0.646	0.145	0.583	0.698	0.147	0.824												
21:00:01													0.668	0.468	0.797	0.146	0.697	0.791	0.606	0.146	0.484	0.785	0.151	0.838	0.723	0.443	0.890	0.144	0.842	0.634	0.577	0.147	0.541	0.753	0.146	0.787	0.723	0.437	0.872	0.148	0.739	0.803	0.701	0.184	0.562	0.736	0.147	0.811	0.679	0.440	0.747	0.145	0.784	0.720	0.709	0.142	0.565	0.786	0.145	0.778	0.632	0.423	0.726	0.143	0.777	0.737	0.705	0.147	0.572	0.793	0.146	0.832	0.573	0.445	0.825	0.146	0.792	0.756	0.659	0.145	0.597	0.728	0.147	0.855												
21:20:01													0.674	0.470	0.803	0.146	0.704	0.832	0.620	0.146	0.491	0.802	0.152	0.884	0.728	0.445	0.896	0.144	0.845	0.647	0.590	0.147	0.552	0.788	0.146	0.831	0.729	0.440	0.878	0.148	0.742	0.828	0.708	0.184	0.570	0.767	0.146	0.839	0.684	0.443	0.752	0.145	0.787	0.750	0.716	0.142	0.568	0.818	0.145	0.815	0.635	0.425	0.732	0.143	0.780	0.762	0.711	0.147	0.579	0.824	0.146	0.864	0.577	0.447	0.831	0.146	0.799	0.760	0.670	0.145	0.608	0.760	0.147	0.908												
21:40:01													0.686	0.473	0.811	0.146	0.713	0.860	0.631	0.147	0.499	0.822	0.152	0.915	0.732	0.448	0.901	0.144	0.849	0.664	0.597	0.147	0.555	0.814	0.146	0.864	0.735	0.445	0.885	0.148	0.744	0.850	0.714	0.175	0.575	0.795	0.147	0.880	0.688	0.446	0.756	0.145	0.791	0.782	0.722	0.142	0.571	0.840	0.144	0.851	0.642	0.427	0.740	0.142	0.786	0.789	0.718	0.147	0.586	0.857	0.146	0.906	0.581	0.450	0.836	0.146	0.805	0.800	0.679	0.145	0.619	0.784	0.147	0.947												
22:00:01													0.692	0.475	0.817	0.146	0.719	0.859	0.644	0.147	0.510	0.839	0.152	0.931	0.737	0.451	0.908	0.144	0.852	0.689	0.608	0.147	0.564	0.837	0.146	0.900	0.740	0.448	0.891	0.148	0.747	0.868	0.722	0.175	0.582	0.819	0.147	0.899	0.694	0.449	0.761	0.145	0.794	0.815	0.727	0.142	0.576	0.863	0.144	0.880	0.646	0.430	0.746	0.142	0.789	0.812	0.724	0.147	0.592	0.884	0.146	0.934	0.585	0.451	0.842	0.146	0.810	0.804	0.688	0.145	0.631	0.805	0.147	0.975												
22:20:01													0.699	0.477	0.824	0.146	0.725	0.880	0.657	0.147	0.523	0.867	0.151	0.943	0.741	0.453	0.914	0.144	0.855	0.714	0.620	0.147	0.573	0.861	0.146	0.934	0.747	0.451	0.896	0.148	0.750	0.894	0.728	0.174	0.587	0.849	0.147	0.909	0.699	0.451	0.765	0.145	0.798	0.843	0.734	0.142	0.580	0.884	0.144	0.898	0.654	0.432	0.752	0.142	0.793	0.829	0.730	0.147	0.598	0.915	0.146	0.967	0.592	0.453	0.848	0.146	0.815	0.834	0.697	0.145	0.641	0.820	0.147	1.001												
22:40:01													0.703	0.480	0.830	0.146	0.729	0.906	0.670	0.147	0.539	0.895	0.151	0.951	0.746	0.455	0.919	0.144	0.858	0.735	0.631	0.147	0.579	0.885	0.146	0.981	0.751	0.454	0.901	0.148	0.752	0.916	0.735	0.174	0.593	0.866	0.147	0.938	0.705	0.454	0.769	0.145	0.801	0.862	0.740	0.142	0.585	0.909	0.144	0.911	0.658	0.434	0.757	0.142	0.796	0.848	0.736	0.147	0.603	0.935	0.146	0.988	0.598	0.455	0.854	0.146	0.819	0.844	0.704	0.145	0.652	0.824	0.147	1.021												
23:00:01													0.710	0.481	0.835	0.146	0.734	0.896	0.681	0.147	0.549	0.920	0.151	0.967	0.752	0.458	0.924	0.144	0.862	0.749	0.641	0.147	0.585	0.915	0.146	1.000	0.757	0.457	0.907	0.148	0.756	0.932	0.741	0.173	0.598	0.886	0.147	0.958	0.711	0.457	0.774	0.145	0.805	0.871	0.746	0.142	0.589	0.929	0.144	0.937	0.666	0.436	0.763	0.142	0.799	0.858	0.742	0.147	0.608	0.955	0.146	1.009	0.605	0.457	0.859	0.146	0.824	0.857	0.712	0.145	0.661	0.846	0.147	1.057												
23:20:01													0.717	0.482	0.841	0.146	0.738	0.933	0.692	0.147	0.561	0.950	0.152	0.965	0.756	0.460	0.930	0.144	0.864	0.773	0.649	0.147	0.591	0.934	0.146	1.050	0.762	0.460	0.912	0.148	0.759	0.954	0.748	0.173	0.603	0.907	0.147	0.983	0.715	0.460	0.778	0.145	0.808	0.884	0.752	0.142	0.594	0.950	0.144	0.963	0.676	0.439	0.769	0.142	0.803	0.871	0.748	0.147	0.613	0.974	0.146	1.028	0.612	0.459	0.865	0.146	0.828	0.871	0.719	0.145	0.669	0.849	0.147	1.074												
23:40:01													0.724	0.484	0.847	0.145	0.742	0.952	0.703	0.147	0.568	0.976	0.152	0.967	0.761	0.462	0.935	0.144	0.866	0.792	0.658	0.147	0.596	0.951	0.146	1.082	0.768	0.463	0.916	0.148	0.761	0.964	0.754	0.172	0.608	0.924	0.147	1.009	0.721	0.463	0.782	0.145	0.812	0.899	0.758	0.142	0.599	0.968	0.144	0.980	0.686	0.441	0.775	0.142	0.807	0.894	0.755	0.146	0.619	0.987	0.146	1.051	0.620	0.461	0.871	0.146	0.834	0.888	0.725	0.145	0.677	0.855	0.147	1.094												
24:00:01													0.729	0.486	0.853	0.145	0.746	0.971	0.712	0.147	0.578	1.005	0.152	1.000	0.765	0.464	0.940	0.144	0.868	0.809	0.666	0.147	0.601	0.962	0.146	1.102	0.772	0.466	0.921	0.148	0.765	0.991	0.760	0.172	0.612	0.942	0.147	1.035	0.725	0.466	0.786	0.145	0.814	0.908	0.765	0.142	0.602	0.985	0.144	0.996	0.693	0.443	0.779	0.142	0.810	0.908	0.761	0.146	0.622	1.001	0.146	1.075	0.630	0.464	0.877	0.146	0.841	0.904	0.731	0.145	0.684	0.876	0.147	1.105												
24:20:01													0.733	0.489	0.857	0.146	0.747	0.979	0.723	0.147	0.590	1.016	0.152	1.009	0.771	0.467	0.947	0.144	0.871	0.819	0.677	0.147	0.611	0.972	0.146	1.124	0.776	0.469	0.925	0.148	0.767	0.996	0.767	0.180	0.618	0.963	0.147	1.042	0.730	0.468	0.791	0.145	0.818	0.921	0.771	0.142	0.606	1.000	0.145	1.018	0.700	0.445	0.783	0.143	0.811	0.925	0.768	0.147	0.625	1.010	0.146	1.094	0.639	0.466	0.883	0.146	0.849	0.916	0.739	0.145	0.692	0.901	0.147	1.129												
24:40:01													0.744	0.491	0.866	0.146	0.754	0.997	0.730	0.147	0.597	1.037	0.152	1.018	0.775	0.469	0.952	0.144	0.873	0.832	0.682	0.147	0.611	0.981	0.146	1.144	0.783	0.473	0.931	0.148	0.770	1.008	0.773	0.172	0.622	0.983	0.147	1.067	0.734	0.472	0.794	0.145	0.821	0.938	0.778	0.142	0.611	1.015	0.145	1.035	0.709	0.447	0.790	0.142	0.816	0.939	0.774	0.146	0.631	1.023	0.147	1.117	0.646	0.468	0.889	0.146	0.855	0.958	0.744	0.145	0.699	0.928	0.147	1.153												
25:00:01													0.745	0.493	0.871	0.146	0.758	1.015	0.739	0.147	0.607	1.058	0.152	1.024	0.779	0.471	0.960	0.144	0.877	0.848	0.691	0.147	0.621	0.994	0.146	1.165	0.786	0.477	0.935	0.148	0.772	1.024	0.779	0.179	0.628	0.998	0.147	1.084	0.739	0.476	0.799	0.145	0.824	0.947	0.785	0.142	0.614	1.027	0.145	1.055	0.717	0.449	0.793	0.143	0.818	0.951	0.781	0.147	0.635	1.035	0.146	1.133	0.655	0.471	0.896	0.146	0.859	0.986	0.750	0.145	0.705	0.954	0.147	1.172												
25:20:01													0.756	0.495	0.881	0.146	0.768	1.043	0.745	0.147	0.615	1.069	0.152	1.043	0.784	0.472	0.966	0.144	0.878	0.866	0.695	0.148	0.623	0.999	0.146	1.173	0.792	0.481	0.941	0.148	0.775	1.036	0.785	0.171	0.631	1.012	0.147	1.099	0.743	0.480	0.802	0.145	0.827	0.964	0.791	0.142	0.619	1.037	0.145	1.072	0.725	0.452	0.799	0.142	0.822	0.969	0.787	0.146	0.642	1.044	0.147	1.154	0.660	0.473	0.904	0.146	0.864	1.007	0.755	0.145	0.710	0.966	0.147	1.196												
25:40:01													0.762	0.498	0.886	0.146	0.776	1.051	0.754	0.146	0.627	1.095	0.152	1.069	0.788	0.475	0.973	0.144	0.883	0.873	0.704	0.147	0.633	1.011	0.146	1.196	0.796	0.484	0.945	0.148	0.778	1.052	0.791	0.178	0.637	1.026	0.147	1.116	0.749	0.483	0.806	0.145	0.831	0.974	0.798	0.142	0.622	1.048	0.145	1.088	0.735	0.454	0.802	0.143	0.824	0.979	0.794	0.147	0.647	1.052	0.146	1.173	0.676	0.475	0.912	0.146	0.866	1.032	0.762	0.145	0.716	0.988	0.147	1.210												
26:00:01													0.773	0.499	0.896	0.145	0.788	1.068	0.760	0.146	0.638	1.128	0.152	1.069	0.792	0.477	0.978	0.144	0.888	0.892	0.707	0.147	0.634	1.017	0.146	1.211	0.802	0.489	0.951	0.148	0.782	1.058	0.797	0.170	0.640	1.034	0.147	1.134	0.754	0.488	0.809	0.145	0.833	0.987	0.804	0.142	0.627	1.059	0.145	1.106	0.742	0.457	0.808	0.142	0.828	0.992	0.801	0.147	0.655	1.063	0.147	1.195	0.682	0.478	0.920	0.146	0.868	1.055	0.766	0.145	0.721	1.010	0.147	1.232												
26:20:01													0.779	0.502	0.903	0.146	0.793	1.094	0.767	0.146	0.648	1.145	0.152	1.106	0.795	0.479	0.984	0.144	0.896	0.907	0.712	0.147	0.640	1.025	0.146	1.230	0.806	0.494	0.956	0.148	0.785	1.067	0.803	0.170	0.645	1.050	0.147	1.149	0.759	0.494	0.813	0.145	0.836	0.992	0.811	0.142	0.632	1.068	0.145	1.123	0.749	0.462	0.813	0.142	0.836	1.012	0.808	0.146	0.664	1.074	0.147	1.211	0.692	0.481	0.928	0.145	0.869	1.063	0.772	0.145	0.725	1.050	0.147	1.247												
26:40:01													0.792	0.504	0.911	0.145	0.796	1.123	0.772	0.146	0.659	1.161	0.152	1.117	0.798	0.481	0.990	0.144	0.908	0.908	0.718	0.147	0.645	1.036	0.146	1.240	0.810	0.499	0.960	0.148	0.788	1.077	0.810	0.169	0.650	1.056	0.147	1.167	0.764	0.499	0.816	0.145	0.841	1.006	0.817	0.142	0.638	1.079	0.145	1.138	0.755	0.467	0.817	0.142	0.847	1.022	0.814	0.146	0.671	1.081	0.147	1.227	0.694	0.483	0.935	0.145	0.867	1.067	0.778	0.145	0.728	1.063	0.147	1.265												
27:00:01													0.800	0.508	0.919	0.145	0.798	1.134	0.779	0.146	0.672	1.194	0.151	1.136	0.802	0.483	0.997	0.144	0.919	0.932	0.722	0.147	0.651	1.042	0.146	1.258	0.814	0.504	0.965	0.148	0.791	1.082	0.816	0.169	0.655	1.067	0.147	1.181	0.769	0.504	0.820	0.145	0.850	1.014	0.824	0.142	0.646	1.085	0.145	1.153	0.760	0.469	0.821	0.142	0.857	1.023	0.820	0.146	0.674	1.084	0.147	1.240	0.692	0.487	0.941	0.145	0.865	1.078	0.784	0.145	0.732	1.069	0.147	1.282												
27:20:01													0.806	0.510	0.925	0.145	0.797	1.148	0.785	0.146	0.693	1.218	0.152	1.153	0.805	0.485	1.004	0.144	0.930	0.946	0.726	0.147	0.657	1.053	0.146	1.275	0.818	0.509	0.970	0.148	0.795	1.086	0.823	0.168	0.659	1.071	0.147	1.196	0.774	0.510	0.823	0.145	0.859	1.027	0.830	0.142	0.654	1.095	0.145	1.170	0.773	0.473	0.826	0.142	0.865	1.015	0.827	0.146	0.676	1.095	0.147	1.257	0.695	0.492	0.948	0.145	0.861	1.089	0.790	0.145	0.735	1.091	0.147	1.291												
27:40:01													0.812	0.513	0.932	0.145	0.796	1.151	0.790	0.146	0.704	1.228	0.152	1.165	0.808	0.488	1.010	0.144	0.936	0.954	0.731	0.147	0.663	1.061	0.146	1.283	0.828	0.516	0.975	0.148	0.797	1.092	0.829	0.168	0.663	1.079	0.147	1.211	0.780	0.517	0.827	0.145	0.862	1.035	0.836	0.142	0.663	1.103	0.145	1.186	0.776	0.477	0.830	0.142	0.870	1.033	0.833	0.146	0.679	1.099	0.147	1.273	0.701	0.495	0.954	0.145	0.854	1.095	0.796	0.145	0.744	1.126	0.147	1.304												
28:00:01													0.812	0.515	0.938	0.145	0.792	1.165	0.798	0.146	0.713	1.238	0.152	1.189	0.811	0.490	1.017	0.144	0.939	0.977	0.736	0.147	0.672	1.077	0.146	1.297	0.828	0.521	0.979	0.148	0.800	1.104	0.835	0.175	0.669	1.086	0.147	1.224	0.785	0.521	0.832	0.145	0.864	1.040	0.842	0.142	0.668	1.107	0.145	1.201	0.778	0.479	0.833	0.142	0.872	1.052	0.839	0.147	0.682	1.109	0.146	1.279	0.708	0.497	0.961	0.146	0.845	1.099	0.803	0.145	0.756	1.145	0.147	1.321												
28:20:01													0.820	0.517	0.945	0.145	0.791	1.163	0.803	0.146	0.717	1.242	0.152	1.203	0.814	0.493	1.023	0.144	0.938	0.995	0.738	0.147	0.672	1.083	0.146	1.305	0.833	0.528	0.984	0.148	0.804	1.113	0.841	0.167	0.672	1.088	0.147	1.236	0.790	0.529	0.836	0.145	0.866	1.045	0.849	0.142	0.674	1.117	0.145	1.215	0.783	0.484	0.838	0.142	0.873	1.059	0.846	0.146	0.687	1.122	0.147	1.289	0.719	0.499	0.968	0.145	0.836	1.104	0.810	0.145	0.758	1.167	0.147	1.333												
28:40:01													0.822	0.519	0.950	0.145	0.785	1.172	0.810	0.146	0.722	1.249	0.152	1.212	0.818	0.496	1.030	0.144	0.936	1.010	0.744	0.147	0.682	1.094	0.146	1.317	0.836	0.535	0.989	0.148	0.810	1.119	0.848	0.173	0.679	1.092	0.147	1.248	0.795	0.535	0.840	0.145	0.871	1.061	0.855	0.141	0.680	1.122	0.145	1.229	0.785	0.488	0.841	0.142	0.872	1.077	0.851	0.147	0.692	1.127	0.146	1.304	0.729	0.500	0.975	0.146	0.833	1.107	0.817	0.144	0.761	1.185	0.147	1.359												
29:00:01													0.835	0.527	0.962	0.145	0.785	1.182	0.818	0.146	0.718	1.248	0.153	1.224	0.825	0.503	1.036	0.144	0.933	1.025	0.748	0.148	0.683	1.103	0.146	1.325	0.847	0.554	0.995	0.148	0.821	1.123	0.855	0.164	0.682	1.091	0.146	1.260	0.806	0.556	0.847	0.146	0.873	1.071	0.863	0.141	0.685	1.129	0.145	1.241	0.808	0.502	0.849	0.142	0.875	1.084	0.858	0.146	0.694	1.156	0.146	1.314	0.751	0.502	0.983	0.145	0.836	1.111	0.824	0.145	0.761	1.195	0.147	1.378												
29:20:01													0.831	0.525	0.967	0.145	0.776	1.181	0.824	0.146	0.726	1.249	0.152	1.248	0.824	0.505	1.043	0.144	0.930	1.041	0.754	0.147	0.693	1.112	0.146	1.337	0.845	0.551	0.999	0.148	0.826	1.125	0.860	0.172	0.687	1.101	0.147	1.273	0.803	0.551	0.851	0.145	0.876	1.079	0.867	0.142	0.690	1.133	0.145	1.254	0.794	0.498	0.849	0.142	0.871	1.099	0.863	0.147	0.701	1.173	0.146	1.322	0.742	0.503	0.988	0.146	0.833	1.112	0.832	0.144	0.762	1.200	0.147	1.402												
29:40:01													0.836	0.528	0.975	0.146	0.771	1.188	0.830	0.146	0.727	1.249	0.152	1.263	0.827	0.509	1.049	0.144	0.927	1.053	0.760	0.147	0.698	1.115	0.146	1.351	0.848	0.557	1.004	0.148	0.832	1.131	0.867	0.172	0.692	1.108	0.147	1.286	0.807	0.560	0.855	0.145	0.877	1.093	0.873	0.142	0.695	1.140	0.145	1.266	0.799	0.504	0.854	0.142	0.870	1.110	0.869	0.147	0.705	1.179	0.146	1.333	0.749	0.504	0.995	0.146	0.835	1.112	0.839	0.144	0.762	1.205	0.147	1.407												
30:00:01													0.843	0.531	0.982	0.146	0.766	1.189	0.837	0.146	0.726	1.244	0.152	1.279	0.832	0.514	1.056	0.144	0.924	1.065	0.765	0.147	0.703	1.127	0.146	1.360	0.853	0.566	1.008	0.148	0.839	1.139	0.873	0.171	0.696	1.110	0.147	1.298	0.811	0.568	0.861	0.145	0.878	1.101	0.879	0.142	0.700	1.149	0.145	1.277	0.798	0.510	0.858	0.142	0.869	1.124	0.875	0.147	0.709	1.177	0.146	1.341	0.758	0.505	1.001	0.146	0.837	1.114	0.846	0.144	0.760	1.204	0.147	1.423												
30:20:01													0.854	0.535	0.988	0.145	0.762	1.192	0.843	0.146	0.724	1.244	0.152	1.291	0.836	0.518	1.061	0.144	0.922	1.072	0.772	0.147	0.708	1.141	0.146	1.367	0.855	0.574	1.013	0.148	0.843	1.155	0.879	0.171	0.700	1.117	0.147	1.307	0.815	0.576	0.866	0.145	0.878	1.108	0.884	0.142	0.704	1.157	0.146	1.288	0.808	0.515	0.861	0.142	0.868	1.135	0.881	0.147	0.711	1.194	0.146	1.349	0.771	0.506	1.008	0.146	0.839	1.107	0.853	0.144	0.760	1.208	0.147	1.438												
30:40:01													0.875	0.539	0.994	0.146	0.758	1.190	0.850	0.146	0.720	1.243	0.152	1.321	0.838	0.524	1.068	0.144	0.920	1.079	0.780	0.147	0.713	1.147	0.146	1.372	0.857	0.582	1.019	0.148	0.845	1.165	0.885	0.170	0.703	1.122	0.147	1.316	0.818	0.585	0.871	0.145	0.878	1.111	0.890	0.142	0.708	1.168	0.145	1.297	0.812	0.521	0.865	0.142	0.866	1.146	0.887	0.147	0.714	1.202	0.146	1.357	0.795	0.506	1.014	0.146	0.841	1.107	0.861	0.144	0.757	1.211	0.147	1.454												
31:00:01													0.890	0.543	0.998	0.145	0.754	1.185	0.858	0.146	0.717	1.238	0.152	1.329	0.841	0.529	1.073	0.144	0.918	1.086	0.786	0.147	0.719	1.154	0.146	1.383	0.858	0.587	1.024	0.148	0.846	1.172	0.891	0.169	0.707	1.127	0.147	1.326	0.820	0.591	0.876	0.145	0.878	1.117	0.896	0.142	0.712	1.168	0.145	1.308	0.815	0.526	0.869	0.142	0.865	1.154	0.893	0.147	0.716	1.204	0.146	1.371	0.817	0.507	1.020	0.146	0.844	1.102	0.868	0.144	0.754	1.214	0.147	1.464												
31:20:01													0.901	0.550	1.006	0.145	0.752	1.187	0.865	0.146	0.710	1.225	0.152	1.348	0.844	0.535	1.079	0.144	0.917	1.092	0.790	0.147	0.720	1.169	0.146	1.387	0.866	0.597	1.031	0.148	0.847	1.180	0.897	0.163	0.708	1.131	0.147	1.334	0.823	0.601	0.881	0.145	0.875	1.123	0.902	0.142	0.714	1.177	0.145	1.316	0.835	0.535	0.874	0.142	0.864	1.162	0.899	0.146	0.717	1.210	0.146	1.375	0.828	0.509	1.026	0.145	0.844	1.099	0.875	0.144	0.751	1.212	0.147	1.472												
31:40:01													0.906	0.555	1.011	0.145	0.750	1.189	0.872	0.146	0.706	1.213	0.152	1.364	0.848	0.541	1.085	0.144	0.915	1.098	0.794	0.147	0.725	1.187	0.146	1.398	0.869	0.603	1.036	0.148	0.846	1.187	0.902	0.162	0.713	1.134	0.147	1.345	0.825	0.609	0.886	0.145	0.873	1.129	0.908	0.142	0.716	1.191	0.145	1.325	0.855	0.542	0.878	0.142	0.864	1.168	0.904	0.146	0.718	1.220	0.146	1.389	0.839	0.510	1.032	0.145	0.845	1.099	0.882	0.145	0.748	1.211	0.147	1.470												
32:00:01													0.908	0.559	1.016	0.145	0.745	1.189	0.880	0.146	0.705	1.224	0.152	1.383	0.850	0.549	1.092	0.144	0.914	1.104	0.797	0.147	0.731	1.192	0.146	1.402	0.874	0.609	1.040	0.148	0.844	1.195	0.909	0.167	0.718	1.140	0.147	1.353	0.825	0.612	0.892	0.145	0.871	1.137	0.914	0.142	0.718	1.198	0.146	1.334	0.871	0.543	0.880	0.142	0.861	1.172	0.909	0.147	0.720	1.229	0.146	1.387	0.848	0.511	1.037	0.145	0.846	1.093	0.889	0.144	0.746	1.210	0.147	1.469												
32:20:01													0.910	0.568	1.022	0.145	0.741	1.187	0.887	0.146	0.701	1.226	0.152	1.401	0.855	0.555	1.098	0.144	0.912	1.104	0.799	0.147	0.734	1.198	0.146	1.416	0.880	0.617	1.046	0.148	0.843	1.202	0.914	0.166	0.720	1.159	0.147	1.361	0.831	0.619	0.896	0.145	0.869	1.143	0.919	0.142	0.720	1.206	0.146	1.342	0.882	0.549	0.884	0.142	0.861	1.176	0.914	0.146	0.722	1.240	0.146	1.394	0.856	0.513	1.043	0.146	0.846	1.087	0.897	0.144	0.743	1.204	0.147	1.465												
32:40:01													0.913	0.583	1.028	0.145	0.739	1.187	0.895	0.146	0.699	1.153	0.152	1.424	0.858	0.563	1.105	0.144	0.911	1.107	0.802	0.147	0.738	1.202	0.146	1.426	0.896	0.624	1.050	0.148	0.842	1.210	0.921	0.164	0.724	1.168	0.147	1.373	0.835	0.626	0.902	0.145	0.868	1.149	0.924	0.141	0.722	1.207	0.145	1.350	0.889	0.556	0.889	0.142	0.860	1.181	0.921	0.146	0.724	1.246	0.146	1.415	0.863	0.516	1.050	0.145	0.847	1.082	0.905	0.144	0.740	1.204	0.147	1.465												
33:00:01													0.914	0.597	1.035	0.145	0.738	1.188	0.902	0.146	0.698	1.073	0.152	1.439	0.862	0.569	1.111	0.144	0.909	1.109	0.804	0.146	0.740	1.209	0.146	1.432	0.916	0.630	1.054	0.148	0.840	1.216	0.926	0.163	0.726	1.171	0.147	1.378	0.839	0.631	0.907	0.145	0.866	1.153	0.930	0.142	0.723	1.214	0.145	1.357	0.891	0.562	0.892	0.142	0.859	1.184	0.926	0.146	0.726	1.250	0.146	1.421	0.868	0.520	1.055	0.145	0.847	1.087	0.912	0.144	0.738	1.196	0.147	1.466												
33:20:01													0.916	0.611	1.044	0.145	0.739	1.186	0.908	0.146	0.694	1.079	0.152	1.452	0.874	0.577	1.116	0.144	0.908	1.110	0.806	0.147	0.741	1.214	0.146	1.446	0.929	0.636	1.059	0.148	0.840	1.220	0.931	0.158	0.727	1.175	0.147	1.383	0.845	0.639	0.911	0.145	0.865	1.157	0.936	0.142	0.725	1.219	0.145	1.363	0.894	0.569	0.898	0.142	0.859	1.188	0.931	0.146	0.734	1.254	0.146	1.427	0.869	0.527	1.060	0.145	0.845	1.094	0.920	0.144	0.735	1.186	0.147	1.462												
33:40:01													0.915	0.619	1.049	0.145	0.734	1.187	0.916	0.146	0.697	1.095	0.152	1.452	0.880	0.583	1.122	0.144	0.906	1.110	0.808	0.146	0.754	1.215	0.146	1.455	0.932	0.643	1.062	0.148	0.836	1.226	0.938	0.161	0.730	1.179	0.147	1.391	0.850	0.641	0.916	0.145	0.863	1.159	0.941	0.141	0.726	1.224	0.146	1.368	0.909	0.572	0.901	0.142	0.857	1.190	0.936	0.146	0.740	1.267	0.146	1.436	0.874	0.530	1.064	0.145	0.846	1.097	0.927	0.144	0.733	1.184	0.147	1.461												
34:00:02													0.914	0.630	1.055	0.145	0.731	1.187	0.922	0.146	0.698	1.112	0.152	1.462	0.887	0.590	1.127	0.144	0.904	1.110	0.810	0.146	0.762	1.227	0.146	1.464	0.931	0.651	1.066	0.148	0.834	1.229	0.943	0.160	0.732	1.186	0.147	1.406	0.870	0.646	0.920	0.145	0.862	1.164	0.946	0.142	0.730	1.224	0.146	1.376	0.925	0.577	0.904	0.142	0.856	1.192	0.942	0.146	0.742	1.274	0.146	1.445	0.875	0.535	1.069	0.146	0.845	1.089	0.934	0.144	0.729	1.190	0.147	1.468												
34:20:02													0.914	0.643	1.065	0.146	0.729	1.186	0.929	0.146	0.699	1.128	0.152	1.461	0.891	0.597	1.133	0.144	0.903	1.111	0.812	0.146	0.764	1.238	0.146	1.470	0.930	0.672	1.071	0.148	0.833	1.232	0.948	0.159	0.734	1.192	0.147	1.411	0.883	0.651	0.925	0.145	0.861	1.169	0.951	0.142	0.734	1.229	0.146	1.380	0.918	0.583	0.909	0.142	0.855	1.194	0.947	0.146	0.742	1.279	0.146	1.452	0.876	0.541	1.075	0.146	0.846	0.988	0.941	0.144	0.726	1.198	0.147	1.465												
34:40:02													0.913	0.656	1.073	0.145	0.727	1.185	0.936	0.146	0.701	1.135	0.152	1.459	0.891	0.605	1.140	0.144	0.902	1.111	0.815	0.147	0.764	1.244	0.146	1.473	0.929	0.683	1.076	0.148	0.832	1.236	0.954	0.158	0.737	1.195	0.147	1.422	0.891	0.655	0.930	0.145	0.861	1.173	0.956	0.142	0.738	1.242	0.146	1.385	0.902	0.596	0.913	0.142	0.854	1.194	0.953	0.147	0.741	1.283	0.146	1.460	0.877	0.549	1.081	0.146	0.846	0.911	0.947	0.144	0.725	1.205	0.147	1.464												
35:00:02													0.913	0.665	1.079	0.146	0.725	1.181	0.943	0.146	0.702	1.131	0.152	1.456	0.891	0.612	1.148	0.144	0.901	1.112	0.818	0.147	0.764	1.247	0.146	1.476	0.926	0.690	1.081	0.148	0.831	1.240	0.960	0.157	0.738	1.197	0.147	1.428	0.895	0.660	0.935	0.146	0.860	1.178	0.961	0.142	0.741	1.251	0.146	1.392	0.898	0.610	0.919	0.142	0.853	1.195	0.957	0.146	0.740	1.285	0.146	1.464	0.876	0.557	1.087	0.146	0.846	0.899	0.954	0.144	0.722	1.223	0.147	1.467												
35:20:02													0.911	0.674	1.085	0.145	0.724	1.175	0.950	0.146	0.704	1.127	0.152	1.448	0.888	0.623	1.153	0.144	0.899	1.113	0.821	0.147	0.763	1.250	0.146	1.477	0.924	0.695	1.085	0.148	0.829	1.244	0.966	0.156	0.741	1.198	0.147	1.435	0.895	0.663	0.939	0.146	0.859	1.182	0.966	0.142	0.742	1.258	0.146	1.399	0.917	0.618	0.924	0.142	0.851	1.195	0.963	0.146	0.737	1.285	0.146	1.467	0.877	0.565	1.095	0.146	0.846	0.906	0.961	0.145	0.720	1.233	0.147	1.465												
35:40:02													0.911	0.678	1.091	0.146	0.723	1.169	0.958	0.146	0.706	1.124	0.152	1.448	0.886	0.643	1.162	0.144	0.898	1.113	0.824	0.147	0.762	1.253	0.146	1.480	0.922	0.698	1.090	0.148	0.828	1.247	0.971	0.154	0.745	1.199	0.147	1.442	0.895	0.668	0.944	0.145	0.858	1.185	0.972	0.142	0.742	1.265	0.146	1.407	0.937	0.626	0.934	0.142	0.851	1.195	0.968	0.147	0.734	1.282	0.146	1.470	0.876	0.573	1.108	0.146	0.846	0.918	0.967	0.144	0.715	1.248	0.147	1.466												
36:00:02													0.909	0.682	1.095	0.146	0.723	1.168	0.964	0.146	0.708	1.124	0.152	1.444	0.883	0.657	1.165	0.144	0.898	1.115	0.828	0.147	0.759	1.256	0.146	1.482	0.920	0.701	1.094	0.148	0.828	1.250	0.976	0.152	0.750	1.197	0.147	1.450	0.895	0.675	0.948	0.146	0.857	1.188	0.976	0.142	0.740	1.271	0.146	1.412	0.948	0.633	0.939	0.142	0.849	1.194	0.973	0.147	0.732	1.280	0.146	1.472	0.875	0.579	1.114	0.146	0.846	0.930	0.973	0.144	0.708	1.259	0.147	1.462												
36:20:02													0.909	0.684	1.097	0.145	0.722	1.171	0.971	0.146	0.709	1.123	0.152	1.439	0.880	0.665	1.166	0.144	0.896	1.113	0.832	0.146	0.757	1.258	0.146	1.482	0.917	0.701	1.098	0.148	0.827	1.252	0.981	0.151	0.754	1.201	0.147	1.454	0.893	0.692	0.953	0.145	0.857	1.190	0.981	0.142	0.738	1.277	0.146	1.421	0.959	0.637	0.942	0.142	0.849	1.194	0.979	0.146	0.729	1.276	0.146	1.474	0.874	0.586	1.120	0.146	0.847	0.943	0.979	0.144	0.704	1.271	0.147	1.462												
36:40:02													0.908	0.686	1.096	0.145	0.722	1.175	0.978	0.146	0.711	1.124	0.152	1.433	0.877	0.672	1.167	0.144	0.895	1.114	0.836	0.146	0.755	1.256	0.146	1.486	0.914	0.702	1.102	0.148	0.826	1.255	0.986	0.150	0.755	1.211	0.147	1.459	0.893	0.699	0.957	0.145	0.856	1.192	0.986	0.142	0.737	1.281	0.146	1.426	0.963	0.641	0.946	0.142	0.847	1.194	0.984	0.146	0.726	1.276	0.146	1.475	0.873	0.591	1.126	0.146	0.846	0.953	0.983	0.144	0.702	1.270	0.147	1.462												
37:00:02													0.906	0.687	1.096	0.145	0.722	1.175	0.983	0.146	0.712	1.127	0.152	1.441	0.874	0.679	1.172	0.144	0.894	1.113	0.840	0.146	0.753	1.256	0.146	1.485	0.912	0.702	1.105	0.148	0.825	1.256	0.992	0.148	0.754	1.216	0.147	1.462	0.891	0.702	0.961	0.145	0.855	1.195	0.991	0.142	0.734	1.284	0.145	1.431	0.959	0.643	0.949	0.142	0.847	1.193	0.989	0.146	0.723	1.274	0.146	1.477	0.872	0.596	1.132	0.146	0.846	0.964	0.989	0.144	0.701	1.185	0.147	1.469												
37:20:02													0.905	0.687	1.096	0.145	0.722	1.181	0.988	0.146	0.714	1.131	0.152	1.450	0.872	0.683	1.179	0.144	0.893	1.113	0.843	0.146	0.750	1.256	0.146	1.484	0.909	0.701	1.109	0.148	0.824	1.258	0.996	0.146	0.753	1.222	0.147	1.466	0.888	0.705	0.966	0.146	0.854	1.196	0.996	0.141	0.732	1.286	0.145	1.437	0.962	0.645	0.953	0.142	0.846	1.193	0.994	0.146	0.721	1.271	0.146	1.476	0.871	0.602	1.137	0.146	0.846	0.973	0.994	0.144	0.701	1.110	0.147	1.472												
37:40:02													0.905	0.686	1.095	0.145	0.722	1.197	0.994	0.146	0.715	1.134	0.152	1.466	0.871	0.686	1.185	0.144	0.892	1.112	0.847	0.146	0.748	1.253	0.146	1.484	0.908	0.700	1.113	0.148	0.824	1.259	1.001	0.145	0.752	1.229	0.147	1.469	0.887	0.706	0.971	0.145	0.854	1.195	1.000	0.142	0.730	1.288	0.146	1.443	0.972	0.646	0.956	0.142	0.846	1.193	1.000	0.146	0.719	1.270	0.146	1.476	0.870	0.606	1.140	0.146	0.846	0.983	0.999	0.144	0.701	1.100	0.147	1.478												
38:00:02													0.904	0.686	1.093	0.145	0.723	1.213	0.999	0.146	0.717	1.141	0.152	1.479	0.869	0.689	1.190	0.144	0.892	1.111	0.851	0.146	0.746	1.251	0.146	1.484	0.906	0.698	1.117	0.148	0.823	1.260	1.006	0.145	0.750	1.232	0.147	1.472	0.886	0.707	0.975	0.145	0.853	1.195	1.005	0.142	0.728	1.287	0.146	1.448	0.975	0.646	0.960	0.142	0.845	1.191	1.004	0.146	0.717	1.269	0.146	1.475	0.870	0.610	1.142	0.146	0.846	0.993	1.004	0.144	0.701	1.107	0.147	1.480												
38:20:02													0.905	0.685	1.091	0.146	0.723	1.229	1.004	0.146	0.718	1.148	0.152	1.487	0.869	0.689	1.192	0.144	0.891	1.111	0.853	0.146	0.743	1.250	0.146	1.484	0.905	0.697	1.121	0.148	0.822	1.260	1.010	0.145	0.749	1.237	0.147	1.474	0.885	0.707	0.980	0.145	0.852	1.195	1.009	0.142	0.726	1.287	0.145	1.454	0.977	0.645	0.963	0.142	0.844	1.191	1.011	0.146	0.715	1.266	0.146	1.476	0.869	0.612	1.143	0.146	0.846	1.000	1.009	0.144	0.701	1.118	0.147	1.486												
38:40:02													0.905	0.685	1.090	0.146	0.724	1.236	1.009	0.146	0.719	1.154	0.152	1.484	0.869	0.689	1.205	0.144	0.890	1.109	0.857	0.146	0.741	1.250	0.146	1.486	0.903	0.695	1.125	0.148	0.821	1.260	1.015	0.145	0.748	1.241	0.147	1.476	0.883	0.707	0.984	0.146	0.852	1.196	1.014	0.142	0.724	1.285	0.146	1.457	0.977	0.646	0.967	0.142	0.846	1.190	1.014	0.146	0.713	1.268	0.146	1.477	0.867	0.616	1.144	0.146	0.849	1.005	1.013	0.144	0.702	1.121	0.147	1.495												
39:00:02													0.905	0.684	1.089	0.146	0.725	1.233	1.017	0.146	0.720	1.163	0.152	1.458	0.869	0.687	1.237	0.144	0.888	1.109	0.860	0.146	0.739	1.248	0.146	1.487	0.902	0.694	1.128	0.148	0.819	1.259	1.018	0.145	0.746	1.244	0.147	1.478	0.881	0.707	0.989	0.146	0.852	1.196	1.018	0.142	0.722	1.284	0.146	1.462	0.978	0.645	0.970	0.142	0.848	1.188	1.020	0.146	0.711	1.268	0.146	1.479	0.867	0.619	1.143	0.146	0.833	1.010	1.019	0.144	0.702	1.137	0.147	1.500												
39:20:02													0.906	0.683	1.087	0.146	0.725	1.201	1.023	0.146	0.721	1.166	0.152	1.406	0.869	0.686	1.234	0.144	0.888	1.109	0.862	0.146	0.737	1.247	0.146	1.488	0.900	0.692	1.132	0.148	0.818	1.258	1.022	0.145	0.745	1.248	0.147	1.480	0.880	0.705	0.993	0.146	0.851	1.196	1.022	0.142	0.721	1.282	0.146	1.465	0.978	0.645	0.974	0.142	0.849	1.185	1.024	0.146	0.709	1.263	0.146	1.480	0.865	0.622	1.140	0.146	0.830	1.015	1.023	0.144	0.702	1.141	0.147	1.509												
39:40:02													0.910	0.682	1.086	0.146	0.726	1.134	1.029	0.146	0.723	1.172	0.152	1.362	0.869	0.685	1.240	0.144	0.887	1.106	0.866	0.146	0.735	1.246	0.146	1.490	0.899	0.691	1.137	0.148	0.818	1.257	1.027	0.145	0.743	1.250	0.147	1.483	0.880	0.704	0.998	0.145	0.850	1.195	1.026	0.142	0.720	1.281	0.145	1.468	0.981	0.644	0.978	0.142	0.847	1.180	1.028	0.146	0.708	1.262	0.146	1.481	0.864	0.623	1.138	0.146	0.828	1.020	1.028	0.144	0.702	1.143	0.147	1.512												
40:00:02													0.912	0.682	1.084	0.146	0.727	1.075	1.042	0.146	0.723	1.177	0.152	1.341	0.869	0.684	1.248	0.144	0.887	1.105	0.869	0.146	0.734	1.245	0.146	1.490	0.898	0.690	1.147	0.148	0.818	1.256	1.030	0.145	0.742	1.251	0.147	1.487	0.884	0.703	1.003	0.146	0.849	1.194	1.030	0.142	0.719	1.280	0.146	1.471	0.981	0.643	0.982	0.142	0.845	1.174	1.032	0.146	0.707	1.262	0.146	1.481	0.863	0.623	1.138	0.146	0.826	1.024	1.033	0.144	0.702	1.139	0.147	1.523												
40:20:02													0.919	0.680	1.083	0.145	0.727	1.030	1.049	0.146	0.724	1.181	0.151	1.342	0.870	0.682	1.253	0.144	0.886	1.103	0.872	0.146	0.732	1.244	0.146	1.490	0.898	0.688	1.152	0.148	0.817	1.254	1.034	0.145	0.741	1.253	0.147	1.489	0.891	0.701	1.007	0.145	0.849	1.193	1.033	0.142	0.718	1.280	0.146	1.474	0.981	0.642	0.987	0.142	0.843	1.168	1.036	0.146	0.705	1.261	0.146	1.485	0.862	0.623	1.137	0.146	0.826	1.028	1.038	0.144	0.703	1.141	0.147	1.527												
40:40:02													0.927	0.680	1.082	0.145	0.729	1.007	1.053	0.146	0.725	1.190	0.152	1.350	0.870	0.680	1.255	0.144	0.885	1.102	0.874	0.146	0.730	1.242	0.146	1.490	0.896	0.687	1.155	0.148	0.816	1.252	1.038	0.145	0.740	1.255	0.147	1.491	0.893	0.700	1.012	0.146	0.848	1.191	1.037	0.142	0.717	1.279	0.146	1.476	0.981	0.641	0.993	0.142	0.842	1.163	1.040	0.146	0.704	1.254	0.146	1.484	0.862	0.622	1.136	0.146	0.825	1.032	1.043	0.144	0.703	1.139	0.147	1.529												
41:00:02													0.935	0.679	1.080	0.145	0.729	1.002	1.057	0.146	0.726	1.189	0.151	1.361	0.872	0.679	1.256	0.144	0.885	1.100	0.877	0.146	0.729	1.242	0.146	1.491	0.896	0.686	1.158	0.148	0.816	1.251	1.042	0.145	0.740	1.256	0.147	1.493	0.870	0.698	1.017	0.146	0.848	1.190	1.041	0.142	0.717	1.277	0.146	1.479	0.982	0.641	0.998	0.142	0.841	1.170	1.044	0.146	0.703	1.255	0.146	1.483	0.861	0.622	1.136	0.146	0.827	1.037	1.048	0.144	0.704	1.137	0.147	1.528												
41:20:02													0.939	0.677	1.079	0.145	0.730	1.005	1.059	0.146	0.726	1.194	0.152	1.372	0.872	0.678	1.257	0.144	0.884	1.099	0.880	0.146	0.727	1.239	0.146	1.488	0.895	0.685	1.162	0.148	0.816	1.250	1.045	0.145	0.739	1.256	0.147	1.492	0.879	0.697	1.022	0.146	0.847	1.189	1.044	0.142	0.716	1.276	0.146	1.481	0.983	0.639	1.003	0.142	0.840	1.173	1.048	0.146	0.701	1.252	0.146	1.483	0.860	0.623	1.136	0.146	0.830	1.041	1.054	0.144	0.705	1.139	0.147	1.526												
41:40:02													0.942	0.676	1.078	0.145	0.731	1.013	1.063	0.146	0.727	1.194	0.152	1.382	0.873	0.677	1.256	0.144	0.884	1.097	0.884	0.146	0.726	1.237	0.146	1.489	0.894	0.684	1.165	0.148	0.815	1.248	1.049	0.145	0.738	1.255	0.147	1.492	0.897	0.696	1.026	0.146	0.847	1.187	1.048	0.142	0.716	1.274	0.145	1.483	0.985	0.639	1.007	0.142	0.839	1.183	1.052	0.146	0.700	1.253	0.146	1.485	0.860	0.623	1.135	0.146	0.832	1.043	1.059	0.144	0.705	1.138	0.147	1.532												
42:00:02													0.943	0.675	1.077	0.145	0.732	1.021	1.064	0.146	0.727	1.195	0.151	1.391	0.873	0.675	1.257	0.144	0.883	1.095	0.887	0.146	0.725	1.236	0.146	1.491	0.894	0.683	1.168	0.148	0.815	1.246	1.052	0.145	0.738	1.254	0.147	1.494	0.893	0.695	1.031	0.146	0.847	1.184	1.050	0.142	0.715	1.272	0.145	1.485	0.985	0.638	1.012	0.142	0.838	1.199	1.056	0.146	0.699	1.245	0.146	1.485	0.859	0.623	1.135	0.146	0.833	1.046	1.064	0.144	0.705	1.137	0.147	1.526												
42:20:02													0.944	0.675	1.076	0.145	0.733	1.028	1.067	0.146	0.727	1.193	0.152	1.400	0.872	0.674	1.257	0.144	0.882	1.092	0.890	0.146	0.724	1.233	0.146	1.491	0.894	0.682	1.171	0.148	0.814	1.243	1.055	0.145	0.737	1.251	0.147	1.494	0.883	0.693	1.035	0.146	0.846	1.183	1.054	0.142	0.715	1.269	0.146	1.488	0.986	0.637	1.016	0.142	0.838	1.193	1.060	0.146	0.698	1.244	0.146	1.484	0.858	0.623	1.135	0.146	0.834	1.048	1.070	0.144	0.706	1.138	0.147	1.516												
42:40:02													0.945	0.673	1.076	0.146	0.734	1.037	1.068	0.146	0.727	1.192	0.152	1.407	0.872	0.673	1.258	0.144	0.883	1.091	0.894	0.146	0.722	1.229	0.146	1.488	0.894	0.681	1.174	0.148	0.814	1.242	1.059	0.145	0.737	1.250	0.147	1.496	0.875	0.692	1.040	0.146	0.845	1.183	1.057	0.142	0.714	1.267	0.146	1.491	0.987	0.636	1.021	0.142	0.837	1.136	1.064	0.146	0.697	1.240	0.146	1.481	0.858	0.623	1.134	0.146	0.834	1.049	1.074	0.144	0.707	1.138	0.147	1.521												
43:00:02													0.945	0.673	1.075	0.145	0.735	1.047	1.069	0.146	0.728	1.188	0.152	1.415	0.872	0.672	1.255	0.144	0.882	1.089	0.898	0.146	0.721	1.228	0.146	1.489	0.893	0.680	1.176	0.148	0.813	1.239	1.063	0.145	0.737	1.250	0.147	1.495	0.881	0.691	1.044	0.146	0.845	1.181	1.060	0.142	0.714	1.265	0.145	1.493	0.988	0.636	1.026	0.142	0.837	1.041	1.068	0.146	0.696	1.238	0.146	1.482	0.858	0.623	1.134	0.146	0.835	1.052	1.082	0.144	0.708	1.139	0.147	1.522												
43:20:02													0.944	0.672	1.074	0.146	0.736	1.056	1.070	0.146	0.728	1.173	0.152	1.421	0.872	0.671	1.254	0.144	0.881	1.087	0.905	0.146	0.720	1.224	0.146	1.487	0.894	0.680	1.178	0.148	0.812	1.235	1.066	0.145	0.736	1.248	0.147	1.496	0.888	0.690	1.049	0.146	0.844	1.177	1.063	0.142	0.714	1.262	0.145	1.495	0.987	0.635	1.031	0.142	0.836	0.981	1.072	0.146	0.695	1.238	0.146	1.483	0.856	0.622	1.133	0.146	0.836	1.054	1.087	0.144	0.708	1.140	0.147	1.508												
43:40:02													0.944	0.670	1.072	0.146	0.737	1.064	1.071	0.146	0.728	1.172	0.152	1.427	0.872	0.670	1.252	0.144	0.880	1.083	0.911	0.146	0.719	1.220	0.146	1.485	0.893	0.679	1.179	0.148	0.812	1.232	1.069	0.145	0.735	1.246	0.147	1.495	0.895	0.689	1.053	0.146	0.844	1.176	1.066	0.142	0.714	1.259	0.145	1.494	0.987	0.634	1.036	0.142	0.834	0.960	1.075	0.146	0.694	1.229	0.146	1.481	0.856	0.622	1.133	0.146	0.836	1.054	1.091	0.144	0.709	1.147	0.147	1.493												
44:00:02													0.944	0.670	1.071	0.145	0.737	1.071	1.072	0.146	0.727	1.178	0.152	1.430	0.872	0.668	1.254	0.144	0.880	1.081	0.912	0.146	0.718	1.218	0.146	1.484	0.894	0.678	1.179	0.148	0.812	1.228	1.072	0.145	0.735	1.243	0.147	1.493	0.901	0.688	1.058	0.146	0.844	1.174	1.069	0.142	0.713	1.256	0.146	1.493	0.987	0.633	1.040	0.142	0.833	0.959	1.078	0.146	0.693	1.227	0.146	1.480	0.856	0.621	1.133	0.146	0.837	1.052	1.095	0.144	0.709	1.137	0.147	1.489												
44:20:02													0.943	0.669	1.070	0.145	0.738	1.076	1.074	0.146	0.728	1.171	0.152	1.431	0.871	0.667	1.253	0.144	0.879	1.080	0.914	0.146	0.716	1.214	0.146	1.482	0.893	0.677	1.180	0.148	0.812	1.226	1.075	0.145	0.735	1.242	0.147	1.492	0.911	0.687	1.065	0.146	0.844	1.171	1.072	0.142	0.713	1.253	0.146	1.495	0.986	0.633	1.045	0.142	0.832	0.968	1.082	0.146	0.692	1.222	0.146	1.477	0.856	0.621	1.131	0.146	0.838	1.049	1.099	0.144	0.709	1.141	0.147	1.480												
44:40:02													0.944	0.668	1.069	0.146	0.739	1.082	1.075	0.146	0.728	1.174	0.152	1.430	0.872	0.666	1.255	0.145	0.879	1.078	0.915	0.146	0.716	1.213	0.146	1.483	0.893	0.676	1.182	0.148	0.811	1.223	1.079	0.145	0.734	1.239	0.147	1.491	0.915	0.687	1.072	0.146	0.844	1.170	1.074	0.142	0.713	1.250	0.146	1.495	0.986	0.633	1.050	0.143	0.830	0.977	1.085	0.146	0.691	1.221	0.146	1.476	0.855	0.621	1.131	0.146	0.838	1.047	1.102	0.144	0.709	1.138	0.147	1.463												
45:00:02													0.945	0.668	1.068	0.146	0.740	1.087	1.075	0.146	0.728	1.170	0.152	1.428	0.871	0.665	1.258	0.145	0.879	1.075	0.917	0.146	0.715	1.210	0.146	1.479	0.894	0.676	1.183	0.148	0.811	1.220	1.082	0.145	0.734	1.238	0.147	1.490	0.919	0.685	1.077	0.146	0.843	1.166	1.077	0.142	0.712	1.247	0.146	1.497	0.986	0.632	1.055	0.143	0.828	0.984	1.089	0.146	0.691	1.214	0.146	1.475	0.855	0.620	1.130	0.146	0.839	1.045	1.104	0.144	0.709	1.142	0.147	1.450												
45:20:02													0.944	0.667	1.067	0.146	0.740	1.093	1.076	0.146	0.728	1.179	0.152	1.425	0.870	0.664	1.262	0.145	0.878	1.072	0.918	0.146	0.714	1.205	0.146	1.479	0.894	0.675	1.184	0.148	0.811	1.216	1.085	0.145	0.733	1.234	0.147	1.489	0.924	0.684	1.081	0.146	0.843	1.164	1.080	0.142	0.712	1.243	0.146	1.496	0.985	0.632	1.058	0.143	0.826	0.993	1.093	0.146	0.690	1.210	0.146	1.472	0.854	0.621	1.130	0.146	0.840	1.041	1.105	0.144	0.709	1.136	0.147	1.441												
45:40:02													0.945	0.666	1.066	0.146	0.740	1.096	1.076	0.146	0.727	1.169	0.152	1.424	0.870	0.662	1.262	0.145	0.877	1.069	0.919	0.146	0.713	1.202	0.146	1.477	0.893	0.675	1.184	0.148	0.811	1.212	1.088	0.145	0.732	1.232	0.147	1.489	0.921	0.683	1.084	0.146	0.843	1.161	1.082	0.142	0.711	1.241	0.146	1.498	0.985	0.631	1.061	0.143	0.825	1.002	1.097	0.146	0.689	1.202	0.146	1.472	0.854	0.620	1.130	0.146	0.840	1.039	1.105	0.144	0.708	1.113	0.147	1.451												
46:00:02													0.946	0.665	1.065	0.146	0.740	1.099	1.077	0.146	0.727	1.156	0.152	1.422	0.869	0.661	1.263	0.145	0.877	1.068	0.921	0.146	0.712	1.200	0.146	1.475	0.893	0.674	1.185	0.148	0.811	1.209	1.091	0.145	0.732	1.228	0.147	1.489	0.920	0.683	1.089	0.146	0.843	1.160	1.086	0.142	0.711	1.238	0.146	1.498	0.985	0.631	1.064	0.143	0.824	1.010	1.103	0.146	0.689	1.200	0.146	1.470	0.852	0.619	1.129	0.146	0.840	1.036	1.107	0.144	0.708	1.127	0.147	1.445												
46:20:02													0.945	0.665	1.064	0.146	0.740	1.101	1.078	0.146	0.727	1.155	0.152	1.419	0.868	0.661	1.262	0.145	0.876	1.067	0.923	0.146	0.712	1.195	0.146	1.473	0.892	0.673	1.186	0.148	0.810	1.206	1.094	0.145	0.732	1.225	0.147	1.488	0.919	0.682	1.092	0.146	0.843	1.157	1.089	0.142	0.710	1.234	0.146	1.496	0.985	0.630	1.066	0.143	0.823	1.016	1.108	0.146	0.688	1.194	0.146	1.469	0.853	0.619	1.127	0.146	0.840	1.035	1.108	0.144	0.708	1.138	0.147	1.440												
46:40:02													0.946	0.664	1.063	0.146	0.741	1.105	1.078	0.146	0.727	1.148	0.152	1.417	0.868	0.659	1.262	0.145	0.875	1.066	0.924	0.146	0.711	1.192	0.146	1.470	0.892	0.673	1.186	0.148	0.810	1.202	1.098	0.145	0.731	1.222	0.147	1.488	0.917	0.681	1.096	0.146	0.843	1.154	1.091	0.142	0.710	1.230	0.146	1.495	0.985	0.630	1.069	0.143	0.823	1.023	1.112	0.146	0.687	1.189	0.146	1.466	0.852	0.619	1.127	0.146	0.839	1.033	1.110	0.144	0.708	1.123	0.147	1.442												
47:00:02													0.947	0.664	1.062	0.146	0.741	1.108	1.079	0.146	0.726	1.129	0.152	1.415	0.867	0.659	1.260	0.145	0.875	1.064	0.926	0.146	0.711	1.188	0.146	1.467	0.892	0.672	1.185	0.148	0.810	1.199	1.101	0.145	0.730	1.218	0.147	1.486	0.916	0.680	1.099	0.146	0.843	1.152	1.094	0.142	0.709	1.226	0.146	1.496	0.984	0.629	1.070	0.143	0.822	1.028	1.116	0.146	0.686	1.185	0.146	1.465	0.852	0.619	1.126	0.146	0.839	1.031	1.111	0.144	0.708	1.123	0.147	1.453												
47:20:02													0.946	0.663	1.061	0.146	0.741	1.109	1.079	0.146	0.726	1.131	0.152	1.413	0.866	0.658	1.258	0.145	0.874	1.062	0.927	0.146	0.710	1.183	0.146	1.468	0.891	0.671	1.184	0.148	0.810	1.196	1.104	0.145	0.730	1.214	0.147	1.485	0.915	0.680	1.103	0.146	0.843	1.149	1.097	0.142	0.709	1.223	0.146	1.496	0.984	0.628	1.072	0.143	0.822	1.032	1.121	0.146	0.686	1.183	0.146	1.463	0.851	0.619	1.125	0.146	0.838	1.029	1.112	0.144	0.708	1.125	0.147	1.464												
47:40:02													0.947	0.663	1.060	0.146	0.740	1.113	1.079	0.146	0.726	1.128	0.151	1.411	0.865	0.657	1.257	0.145	0.874	1.059	0.929	0.146	0.710	1.177	0.146	1.464	0.890	0.671	1.183	0.148	0.810	1.193	1.107	0.145	0.729	1.211	0.147	1.483	0.916	0.679	1.107	0.146	0.843	1.147	1.099	0.142	0.709	1.220	0.146	1.494	0.984	0.628	1.073	0.143	0.821	1.037	1.124	0.146	0.685	1.180	0.146	1.460	0.850	0.620	1.124	0.146	0.837	1.026	1.113	0.144	0.708	1.126	0.147	1.476												
48:00:02													0.947	0.662	1.059	0.146	0.740	1.114	1.080	0.146	0.727	1.115	0.151	1.410	0.864	0.656	1.255	0.145	0.873	1.058	0.930	0.146	0.709	1.176	0.146	1.463	0.889	0.670	1.182	0.148	0.810	1.189	1.110	0.145	0.728	1.207	0.147	1.481	0.920	0.678	1.110	0.146	0.844	1.144	1.103	0.142	0.708	1.217	0.146	1.494	0.983	0.628	1.075	0.143	0.821	1.041	1.127	0.146	0.685	1.175	0.146	1.456	0.849	0.619	1.123	0.146	0.837	1.025	1.113	0.144	0.708	1.130	0.147	1.483												

