Field Group

Plate Comment:	
Procedure Summary
  Plate Type:              Corning 96 well for LogPhase600
  Plate Number:            3
  Discontinuous Kinetics:  Runtime 02:00:00 (D:HH:MM), Interval 00:20:00 (HH:MM:SS), 145 Reads (max)
  Read:                    600 nm
  Incubator:               On
    Temperature setpoint:  30 °C
    Temperature gradient:  On
  Shaking:                 On
     Shaking frequency:    600 RPMs		
			
			

600

Time	A1	A2	A3	A4	A5	A6	A7	A8	A9	A10	A11	A12	B1	B2	B3	B4	B5	B6	B7	B8	B9	B10	B11	B12	C1	C2	C3	C4	C5	C6	C7	C8	C9	C10	C11	C12	D1	D2	D3	D4	D5	D6	D7	D8	D9	D10	D11	D12	E1	E2	E3	E4	E5	E6	E7	E8	E9	E10	E11	E12	F1	F2	F3	F4	F5	F6	F7	F8	F9	F10	F11	F12	G1	G2	G3	G4	G5	G6	G7	G8	G9	G10	G11	G12	H1	H2	H3	H4	H5	H6	H7	H8	H9	H10	H11	H12
0:00:00													0.156	0.157	0.153	0.154	0.154	0.156	0.154	0.159	0.155	0.163	0.156	0.167	0.156	0.164	0.157	0.167	0.151	0.155	0.152	0.155	0.154	0.161	0.156	0.161	0.155	0.155	0.150	0.161	0.151	0.159	0.153	0.157	0.159	0.162	0.154	0.161	0.154	0.156	0.157	0.153	0.157	0.153	0.155	0.154	0.159	0.151	0.154	0.166	0.158	0.158	0.171	0.151	0.154	0.162	0.155	0.152	0.165	0.161	0.163	0.172	0.156	0.159	0.155	0.163	0.153	0.157	0.160	0.156	0.156	0.155	0.157	0.166												
0:20:00													0.155	0.155	0.152	0.153	0.153	0.155	0.152	0.157	0.155	0.164	0.160	0.169	0.155	0.162	0.155	0.166	0.150	0.154	0.151	0.151	0.155	0.154	0.158	0.159	0.154	0.154	0.150	0.158	0.151	0.158	0.150	0.160	0.155	0.164	0.157	0.159	0.152	0.155	0.156	0.151	0.157	0.153	0.153	0.153	0.159	0.149	0.153	0.163	0.157	0.157	0.186	0.150	0.153	0.159	0.155	0.151	0.164	0.160	0.160	0.171	0.155	0.156	0.154	0.160	0.151	0.157	0.160	0.157	0.155	0.154	0.156	0.165												
0:40:00													0.153	0.154	0.151	0.153	0.152	0.154	0.150	0.155	0.156	0.163	0.161	0.167	0.154	0.161	0.154	0.165	0.150	0.153	0.151	0.150	0.156	0.154	0.159	0.158	0.153	0.153	0.149	0.157	0.150	0.157	0.150	0.165	0.155	0.167	0.156	0.158	0.152	0.155	0.155	0.151	0.157	0.151	0.152	0.152	0.160	0.149	0.153	0.161	0.156	0.156	0.208	0.149	0.152	0.157	0.154	0.151	0.162	0.159	0.159	0.171	0.154	0.155	0.153	0.160	0.151	0.157	0.158	0.157	0.156	0.153	0.155	0.164												
1:00:00													0.152	0.153	0.151	0.152	0.151	0.154	0.150	0.155	0.156	0.163	0.162	0.167	0.154	0.161	0.152	0.165	0.148	0.152	0.150	0.149	0.156	0.152	0.160	0.158	0.152	0.152	0.149	0.157	0.150	0.156	0.150	0.170	0.155	0.168	0.156	0.158	0.151	0.154	0.155	0.150	0.156	0.151	0.152	0.151	0.160	0.149	0.152	0.162	0.155	0.156	0.231	0.149	0.152	0.156	0.156	0.151	0.161	0.159	0.159	0.170	0.153	0.154	0.153	0.159	0.150	0.156	0.158	0.157	0.155	0.153	0.154	0.162												
1:20:00													0.151	0.153	0.151	0.152	0.151	0.153	0.149	0.154	0.156	0.163	0.163	0.167	0.153	0.160	0.152	0.164	0.148	0.151	0.149	0.149	0.155	0.152	0.161	0.157	0.152	0.151	0.148	0.156	0.150	0.155	0.150	0.174	0.154	0.169	0.155	0.158	0.150	0.154	0.155	0.149	0.155	0.151	0.151	0.150	0.159	0.149	0.152	0.162	0.155	0.156	0.247	0.148	0.152	0.155	0.155	0.150	0.161	0.158	0.160	0.170	0.153	0.153	0.152	0.159	0.151	0.155	0.158	0.156	0.155	0.153	0.154	0.158												
1:40:00													0.152	0.152	0.151	0.151	0.150	0.153	0.150	0.154	0.156	0.163	0.163	0.167	0.153	0.159	0.151	0.164	0.148	0.151	0.149	0.149	0.155	0.151	0.161	0.157	0.152	0.150	0.148	0.155	0.150	0.155	0.149	0.179	0.154	0.170	0.154	0.159	0.150	0.154	0.154	0.149	0.155	0.150	0.151	0.150	0.158	0.148	0.151	0.162	0.154	0.155	0.261	0.148	0.151	0.154	0.155	0.150	0.160	0.158	0.160	0.170	0.152	0.152	0.152	0.158	0.151	0.155	0.158	0.156	0.155	0.152	0.153	0.158												
2:00:00													0.152	0.152	0.151	0.151	0.150	0.153	0.149	0.153	0.156	0.162	0.164	0.167	0.152	0.159	0.151	0.164	0.148	0.150	0.148	0.148	0.155	0.151	0.161	0.156	0.151	0.149	0.148	0.155	0.149	0.154	0.149	0.182	0.153	0.172	0.154	0.159	0.150	0.153	0.154	0.149	0.154	0.150	0.151	0.150	0.158	0.148	0.151	0.162	0.153	0.155	0.273	0.148	0.151	0.154	0.155	0.150	0.160	0.157	0.160	0.170	0.153	0.152	0.152	0.158	0.151	0.154	0.158	0.156	0.155	0.152	0.153	0.158												
2:20:00													0.152	0.152	0.152	0.150	0.150	0.153	0.149	0.153	0.156	0.162	0.165	0.167	0.152	0.159	0.151	0.163	0.148	0.150	0.148	0.148	0.154	0.151	0.162	0.156	0.151	0.148	0.148	0.155	0.149	0.154	0.149	0.187	0.153	0.173	0.153	0.159	0.150	0.153	0.154	0.148	0.154	0.150	0.151	0.150	0.157	0.148	0.151	0.161	0.153	0.155	0.283	0.147	0.151	0.153	0.155	0.150	0.160	0.158	0.161	0.170	0.153	0.152	0.152	0.157	0.151	0.153	0.158	0.156	0.155	0.152	0.154	0.158												
2:40:00													0.152	0.152	0.153	0.150	0.150	0.152	0.149	0.153	0.156	0.162	0.166	0.166	0.152	0.158	0.151	0.163	0.148	0.150	0.148	0.148	0.154	0.150	0.162	0.156	0.152	0.148	0.148	0.154	0.149	0.153	0.149	0.190	0.153	0.174	0.153	0.159	0.150	0.153	0.154	0.148	0.154	0.150	0.151	0.150	0.158	0.147	0.151	0.161	0.154	0.155	0.293	0.147	0.151	0.153	0.154	0.149	0.160	0.158	0.163	0.170	0.154	0.151	0.152	0.157	0.151	0.153	0.158	0.157	0.155	0.152	0.155	0.159												
3:00:00													0.152	0.152	0.154	0.150	0.151	0.152	0.149	0.153	0.156	0.162	0.167	0.167	0.153	0.158	0.151	0.163	0.148	0.150	0.147	0.148	0.154	0.150	0.162	0.156	0.152	0.148	0.148	0.153	0.149	0.153	0.149	0.191	0.152	0.174	0.153	0.159	0.150	0.153	0.154	0.148	0.155	0.150	0.151	0.150	0.158	0.147	0.151	0.161	0.154	0.155	0.301	0.147	0.151	0.152	0.154	0.149	0.160	0.158	0.162	0.169	0.158	0.151	0.152	0.157	0.151	0.152	0.159	0.158	0.154	0.152	0.156	0.164												
3:20:00													0.152	0.152	0.155	0.150	0.152	0.152	0.149	0.153	0.156	0.161	0.168	0.167	0.154	0.159	0.153	0.163	0.150	0.150	0.147	0.148	0.154	0.150	0.162	0.156	0.153	0.148	0.149	0.154	0.150	0.153	0.149	0.194	0.153	0.175	0.153	0.159	0.152	0.153	0.155	0.148	0.155	0.150	0.151	0.150	0.158	0.147	0.151	0.161	0.156	0.155	0.307	0.147	0.152	0.152	0.154	0.149	0.160	0.158	0.163	0.170	0.160	0.151	0.153	0.157	0.152	0.153	0.160	0.158	0.155	0.152	0.156	0.163												
3:40:00													0.153	0.152	0.157	0.150	0.153	0.152	0.149	0.153	0.156	0.161	0.170	0.167	0.155	0.159	0.155	0.163	0.151	0.150	0.148	0.148	0.154	0.150	0.162	0.156	0.155	0.148	0.151	0.153	0.151	0.153	0.149	0.196	0.152	0.176	0.152	0.159	0.153	0.152	0.155	0.147	0.157	0.150	0.152	0.149	0.157	0.147	0.151	0.161	0.160	0.154	0.312	0.147	0.153	0.152	0.154	0.149	0.160	0.158	0.162	0.169	0.160	0.151	0.153	0.156	0.153	0.152	0.161	0.158	0.155	0.152	0.156	0.162												
4:00:00													0.154	0.152	0.160	0.149	0.156	0.151	0.149	0.153	0.156	0.161	0.170	0.167	0.157	0.159	0.158	0.163	0.154	0.150	0.147	0.148	0.154	0.150	0.163	0.156	0.158	0.148	0.153	0.152	0.153	0.153	0.149	0.199	0.153	0.177	0.152	0.159	0.155	0.153	0.157	0.147	0.159	0.150	0.152	0.149	0.157	0.146	0.151	0.161	0.164	0.155	0.315	0.147	0.155	0.151	0.154	0.148	0.159	0.158	0.162	0.169	0.165	0.152	0.154	0.156	0.155	0.152	0.161	0.159	0.155	0.152	0.155	0.162												
4:20:00													0.158	0.152	0.163	0.149	0.159	0.151	0.149	0.152	0.157	0.161	0.171	0.167	0.161	0.159	0.163	0.163	0.158	0.149	0.148	0.148	0.154	0.150	0.163	0.156	0.163	0.148	0.157	0.154	0.157	0.153	0.149	0.202	0.153	0.178	0.152	0.159	0.160	0.153	0.159	0.147	0.162	0.150	0.152	0.149	0.158	0.146	0.150	0.161	0.169	0.155	0.316	0.146	0.159	0.150	0.155	0.148	0.160	0.157	0.162	0.169	0.170	0.152	0.156	0.156	0.159	0.152	0.162	0.159	0.155	0.152	0.155	0.162												
4:40:00													0.163	0.153	0.169	0.149	0.166	0.151	0.150	0.152	0.157	0.160	0.171	0.168	0.166	0.159	0.170	0.162	0.164	0.149	0.148	0.148	0.155	0.149	0.163	0.157	0.170	0.149	0.163	0.153	0.162	0.152	0.149	0.205	0.153	0.179	0.152	0.159	0.167	0.153	0.163	0.147	0.168	0.150	0.152	0.149	0.158	0.146	0.150	0.161	0.174	0.156	0.314	0.146	0.165	0.150	0.155	0.148	0.160	0.157	0.162	0.169	0.177	0.152	0.160	0.156	0.164	0.151	0.162	0.159	0.156	0.152	0.155	0.162												
5:00:00													0.172	0.154	0.177	0.149	0.175	0.151	0.150	0.152	0.157	0.160	0.171	0.168	0.174	0.160	0.181	0.162	0.174	0.149	0.149	0.148	0.155	0.149	0.163	0.158	0.181	0.149	0.173	0.153	0.170	0.152	0.150	0.207	0.154	0.179	0.151	0.159	0.176	0.154	0.169	0.147	0.176	0.149	0.153	0.149	0.158	0.146	0.150	0.161	0.183	0.157	0.311	0.146	0.173	0.150	0.155	0.148	0.161	0.157	0.162	0.169	0.185	0.153	0.166	0.155	0.172	0.151	0.163	0.159	0.156	0.152	0.154	0.162												
5:20:00													0.182	0.154	0.189	0.149	0.189	0.151	0.151	0.152	0.158	0.160	0.172	0.168	0.185	0.161	0.197	0.162	0.187	0.149	0.149	0.148	0.156	0.149	0.164	0.158	0.197	0.150	0.186	0.153	0.181	0.152	0.151	0.207	0.155	0.180	0.151	0.159	0.191	0.155	0.178	0.147	0.190	0.149	0.154	0.149	0.159	0.146	0.150	0.161	0.197	0.158	0.309	0.146	0.184	0.150	0.156	0.148	0.161	0.157	0.162	0.169	0.199	0.154	0.174	0.155	0.184	0.151	0.163	0.159	0.157	0.152	0.154	0.162												
5:40:00													0.199	0.156	0.202	0.149	0.206	0.151	0.152	0.152	0.159	0.160	0.172	0.169	0.201	0.162	0.215	0.162	0.204	0.149	0.151	0.148	0.157	0.149	0.164	0.158	0.216	0.152	0.204	0.151	0.198	0.152	0.152	0.209	0.155	0.181	0.151	0.159	0.210	0.156	0.192	0.147	0.209	0.149	0.155	0.149	0.160	0.146	0.150	0.161	0.216	0.160	0.297	0.146	0.200	0.151	0.157	0.148	0.162	0.157	0.162	0.169	0.214	0.156	0.181	0.155	0.198	0.151	0.164	0.158	0.158	0.153	0.154	0.162												
6:00:00													0.218	0.158	0.221	0.148	0.227	0.151	0.154	0.152	0.161	0.161	0.173	0.169	0.218	0.164	0.238	0.162	0.225	0.149	0.152	0.148	0.158	0.149	0.164	0.157	0.239	0.153	0.226	0.151	0.217	0.152	0.153	0.212	0.157	0.182	0.151	0.159	0.234	0.158	0.207	0.146	0.231	0.149	0.156	0.149	0.161	0.146	0.150	0.161	0.236	0.161	0.280	0.146	0.217	0.151	0.158	0.148	0.163	0.157	0.162	0.169	0.232	0.158	0.193	0.155	0.216	0.151	0.165	0.158	0.160	0.153	0.154	0.162												
6:20:00													0.242	0.160	0.247	0.148	0.254	0.151	0.155	0.151	0.163	0.161	0.173	0.169	0.247	0.166	0.268	0.162	0.252	0.149	0.154	0.148	0.160	0.148	0.164	0.157	0.270	0.156	0.255	0.150	0.244	0.152	0.155	0.212	0.159	0.182	0.150	0.159	0.268	0.160	0.227	0.146	0.263	0.149	0.159	0.149	0.163	0.146	0.150	0.161	0.266	0.164	0.263	0.146	0.241	0.150	0.160	0.148	0.165	0.157	0.162	0.169	0.255	0.161	0.210	0.155	0.242	0.151	0.166	0.158	0.161	0.153	0.154	0.162												
6:40:00													0.268	0.164	0.269	0.148	0.270	0.151	0.158	0.151	0.166	0.160	0.173	0.170	0.271	0.170	0.296	0.162	0.272	0.149	0.156	0.148	0.163	0.148	0.164	0.157	0.294	0.159	0.278	0.151	0.266	0.152	0.158	0.217	0.162	0.183	0.150	0.159	0.295	0.163	0.250	0.146	0.287	0.149	0.161	0.149	0.166	0.146	0.150	0.161	0.297	0.167	0.262	0.146	0.261	0.151	0.162	0.148	0.168	0.157	0.162	0.169	0.277	0.164	0.234	0.154	0.261	0.151	0.169	0.159	0.164	0.153	0.154	0.162												
7:00:00													0.299	0.168	0.295	0.148	0.291	0.151	0.161	0.151	0.169	0.160	0.173	0.170	0.298	0.174	0.325	0.162	0.296	0.149	0.160	0.148	0.166	0.148	0.165	0.157	0.322	0.163	0.300	0.152	0.286	0.152	0.161	0.218	0.165	0.184	0.150	0.159	0.325	0.167	0.268	0.146	0.318	0.149	0.165	0.148	0.169	0.146	0.150	0.161	0.325	0.171	0.281	0.146	0.284	0.151	0.165	0.147	0.171	0.157	0.161	0.169	0.297	0.168	0.260	0.154	0.287	0.151	0.171	0.158	0.167	0.153	0.153	0.162												
7:20:00													0.328	0.174	0.321	0.148	0.317	0.151	0.165	0.151	0.174	0.160	0.171	0.170	0.327	0.179	0.353	0.162	0.324	0.149	0.164	0.148	0.171	0.148	0.165	0.157	0.353	0.169	0.323	0.150	0.309	0.152	0.166	0.220	0.170	0.183	0.149	0.159	0.357	0.173	0.289	0.146	0.349	0.149	0.170	0.148	0.173	0.146	0.150	0.161	0.354	0.176	0.303	0.146	0.312	0.151	0.169	0.147	0.175	0.157	0.161	0.169	0.320	0.174	0.284	0.154	0.314	0.151	0.174	0.158	0.171	0.153	0.153	0.162												
7:40:00													0.367	0.182	0.351	0.148	0.344	0.151	0.170	0.151	0.180	0.160	0.171	0.171	0.359	0.187	0.376	0.162	0.353	0.149	0.169	0.148	0.176	0.148	0.165	0.157	0.385	0.177	0.347	0.150	0.335	0.152	0.172	0.221	0.176	0.185	0.149	0.159	0.393	0.180	0.312	0.146	0.381	0.149	0.175	0.148	0.178	0.146	0.150	0.161	0.376	0.184	0.327	0.146	0.338	0.151	0.174	0.147	0.180	0.157	0.161	0.169	0.348	0.182	0.311	0.154	0.346	0.151	0.180	0.158	0.177	0.153	0.153	0.163												
8:00:00													0.393	0.193	0.371	0.148	0.369	0.151	0.177	0.151	0.188	0.160	0.171	0.171	0.380	0.198	0.387	0.161	0.369	0.148	0.177	0.147	0.184	0.149	0.165	0.157	0.406	0.187	0.359	0.150	0.363	0.152	0.181	0.224	0.184	0.185	0.149	0.159	0.418	0.190	0.337	0.146	0.404	0.149	0.184	0.148	0.186	0.146	0.150	0.161	0.396	0.194	0.347	0.146	0.367	0.151	0.180	0.147	0.187	0.157	0.161	0.170	0.372	0.192	0.341	0.154	0.372	0.151	0.187	0.157	0.184	0.153	0.153	0.163												
8:20:00													0.404	0.206	0.376	0.148	0.374	0.152	0.185	0.151	0.200	0.160	0.172	0.172	0.384	0.210	0.385	0.161	0.374	0.149	0.186	0.147	0.194	0.148	0.169	0.158	0.419	0.201	0.369	0.149	0.377	0.153	0.193	0.227	0.193	0.179	0.149	0.160	0.425	0.203	0.357	0.146	0.421	0.149	0.194	0.147	0.196	0.146	0.150	0.161	0.403	0.206	0.357	0.145	0.378	0.151	0.189	0.147	0.197	0.158	0.161	0.169	0.380	0.206	0.364	0.153	0.384	0.151	0.196	0.159	0.195	0.154	0.153	0.163												
8:40:00													0.400	0.224	0.380	0.148	0.375	0.152	0.198	0.151	0.213	0.160	0.171	0.171	0.381	0.228	0.382	0.161	0.375	0.149	0.198	0.147	0.208	0.150	0.165	0.158	0.420	0.217	0.376	0.149	0.392	0.153	0.206	0.227	0.206	0.187	0.149	0.159	0.425	0.218	0.364	0.146	0.442	0.149	0.208	0.148	0.210	0.146	0.150	0.162	0.398	0.224	0.362	0.145	0.398	0.151	0.200	0.147	0.209	0.157	0.161	0.169	0.379	0.224	0.374	0.154	0.394	0.151	0.208	0.158	0.206	0.153	0.154	0.163												
9:00:00													0.394	0.247	0.382	0.148	0.388	0.152	0.212	0.150	0.232	0.160	0.171	0.172	0.377	0.249	0.382	0.161	0.380	0.150	0.215	0.147	0.225	0.150	0.169	0.158	0.423	0.240	0.392	0.149	0.422	0.153	0.226	0.229	0.223	0.180	0.148	0.161	0.425	0.240	0.372	0.146	0.477	0.151	0.224	0.147	0.226	0.146	0.150	0.162	0.392	0.245	0.369	0.145	0.420	0.152	0.214	0.146	0.226	0.158	0.161	0.169	0.381	0.247	0.374	0.153	0.415	0.151	0.223	0.158	0.223	0.154	0.153	0.163												
9:20:00													0.390	0.270	0.388	0.147	0.402	0.153	0.234	0.151	0.255	0.160	0.170	0.172	0.376	0.272	0.382	0.161	0.389	0.152	0.235	0.147	0.247	0.150	0.166	0.158	0.430	0.264	0.411	0.149	0.449	0.153	0.249	0.229	0.243	0.189	0.149	0.160	0.426	0.260	0.378	0.146	0.505	0.150	0.245	0.148	0.248	0.146	0.150	0.161	0.392	0.269	0.380	0.145	0.448	0.152	0.233	0.147	0.244	0.158	0.161	0.171	0.383	0.271	0.375	0.154	0.439	0.151	0.243	0.158	0.242	0.154	0.153	0.164												
9:40:00													0.391	0.289	0.391	0.147	0.415	0.154	0.257	0.150	0.278	0.161	0.169	0.172	0.376	0.294	0.388	0.160	0.408	0.153	0.255	0.147	0.273	0.152	0.169	0.158	0.440	0.285	0.429	0.149	0.474	0.154	0.276	0.213	0.264	0.190	0.148	0.160	0.430	0.284	0.388	0.145	0.537	0.150	0.270	0.148	0.269	0.146	0.150	0.163	0.394	0.294	0.393	0.145	0.478	0.153	0.255	0.146	0.266	0.159	0.160	0.170	0.389	0.295	0.379	0.153	0.471	0.151	0.267	0.158	0.266	0.154	0.154	0.163												
10:00:00													0.395	0.322	0.396	0.147	0.420	0.155	0.281	0.150	0.304	0.162	0.169	0.172	0.380	0.325	0.392	0.161	0.430	0.152	0.276	0.147	0.294	0.151	0.166	0.159	0.451	0.316	0.440	0.149	0.493	0.155	0.300	0.232	0.284	0.188	0.148	0.161	0.436	0.308	0.399	0.145	0.557	0.150	0.288	0.148	0.291	0.148	0.149	0.163	0.399	0.319	0.403	0.145	0.501	0.151	0.277	0.147	0.284	0.160	0.160	0.171	0.395	0.327	0.384	0.153	0.500	0.151	0.290	0.158	0.285	0.155	0.153	0.164												
10:20:00													0.398	0.344	0.399	0.147	0.421	0.156	0.310	0.150	0.336	0.164	0.168	0.174	0.383	0.350	0.399	0.161	0.451	0.152	0.303	0.147	0.327	0.152	0.166	0.160	0.461	0.345	0.450	0.149	0.505	0.154	0.333	0.233	0.313	0.187	0.148	0.162	0.442	0.336	0.411	0.145	0.575	0.152	0.316	0.147	0.318	0.147	0.149	0.164	0.403	0.348	0.411	0.145	0.519	0.155	0.303	0.147	0.314	0.160	0.160	0.173	0.401	0.356	0.390	0.153	0.525	0.151	0.321	0.158	0.313	0.156	0.153	0.164												
10:40:00													0.401	0.349	0.403	0.147	0.431	0.157	0.347	0.150	0.360	0.165	0.168	0.175	0.385	0.358	0.407	0.160	0.467	0.153	0.325	0.147	0.352	0.152	0.170	0.161	0.468	0.356	0.457	0.149	0.516	0.158	0.362	0.217	0.332	0.187	0.148	0.162	0.447	0.346	0.424	0.145	0.592	0.154	0.340	0.147	0.339	0.148	0.149	0.162	0.408	0.358	0.417	0.145	0.534	0.154	0.338	0.146	0.335	0.161	0.160	0.171	0.405	0.363	0.396	0.153	0.544	0.151	0.351	0.158	0.338	0.157	0.153	0.165												
11:00:00													0.404	0.354	0.409	0.147	0.440	0.158	0.366	0.150	0.373	0.168	0.166	0.175	0.389	0.365	0.415	0.161	0.481	0.155	0.343	0.147	0.369	0.154	0.166	0.162	0.473	0.364	0.461	0.149	0.522	0.159	0.376	0.237	0.346	0.186	0.147	0.162	0.452	0.350	0.434	0.145	0.605	0.154	0.350	0.147	0.352	0.150	0.149	0.163	0.411	0.364	0.424	0.145	0.539	0.156	0.355	0.147	0.346	0.163	0.160	0.174	0.408	0.369	0.404	0.153	0.561	0.153	0.373	0.159	0.360	0.159	0.153	0.166												
11:20:01													0.411	0.356	0.413	0.147	0.451	0.160	0.394	0.150	0.384	0.170	0.165	0.176	0.391	0.368	0.422	0.161	0.492	0.156	0.351	0.147	0.376	0.153	0.166	0.163	0.475	0.369	0.467	0.149	0.529	0.160	0.388	0.245	0.353	0.184	0.147	0.164	0.456	0.354	0.442	0.145	0.616	0.155	0.358	0.147	0.361	0.151	0.149	0.165	0.414	0.369	0.429	0.145	0.551	0.157	0.371	0.146	0.355	0.165	0.160	0.175	0.412	0.372	0.412	0.153	0.574	0.154	0.389	0.159	0.372	0.160	0.153	0.168												
11:40:00													0.418	0.362	0.419	0.147	0.462	0.161	0.400	0.150	0.392	0.173	0.164	0.178	0.394	0.372	0.429	0.160	0.501	0.157	0.366	0.147	0.382	0.154	0.166	0.165	0.477	0.374	0.472	0.149	0.539	0.163	0.397	0.249	0.356	0.181	0.147	0.164	0.460	0.358	0.452	0.145	0.629	0.160	0.371	0.147	0.367	0.153	0.149	0.167	0.416	0.374	0.431	0.145	0.561	0.160	0.386	0.147	0.365	0.165	0.160	0.177	0.416	0.376	0.419	0.153	0.586	0.155	0.413	0.159	0.380	0.162	0.153	0.169												
12:00:00													0.424	0.365	0.421	0.147	0.467	0.163	0.409	0.150	0.398	0.176	0.163	0.179	0.398	0.373	0.435	0.160	0.511	0.162	0.367	0.147	0.386	0.159	0.167	0.167	0.480	0.378	0.474	0.149	0.547	0.173	0.411	0.252	0.363	0.179	0.147	0.166	0.463	0.362	0.454	0.145	0.637	0.163	0.368	0.147	0.372	0.155	0.149	0.168	0.418	0.376	0.433	0.145	0.566	0.162	0.385	0.146	0.372	0.169	0.159	0.177	0.420	0.379	0.424	0.153	0.596	0.157	0.425	0.159	0.394	0.164	0.152	0.171												
12:20:01													0.429	0.365	0.425	0.147	0.473	0.167	0.413	0.150	0.407	0.179	0.162	0.181	0.403	0.378	0.440	0.160	0.518	0.169	0.375	0.147	0.390	0.159	0.167	0.169	0.485	0.384	0.476	0.148	0.551	0.193	0.426	0.254	0.369	0.182	0.147	0.169	0.467	0.366	0.458	0.145	0.648	0.165	0.374	0.147	0.380	0.160	0.149	0.171	0.414	0.378	0.438	0.145	0.570	0.168	0.398	0.146	0.378	0.172	0.159	0.180	0.422	0.382	0.427	0.153	0.603	0.160	0.436	0.159	0.396	0.167	0.153	0.174												
12:40:01													0.433	0.366	0.431	0.147	0.483	0.174	0.423	0.150	0.414	0.185	0.162	0.183	0.406	0.382	0.447	0.159	0.523	0.198	0.384	0.147	0.395	0.181	0.170	0.172	0.491	0.388	0.484	0.148	0.560	0.183	0.446	0.234	0.377	0.209	0.147	0.171	0.470	0.369	0.462	0.145	0.657	0.168	0.379	0.147	0.382	0.195	0.149	0.174	0.422	0.381	0.442	0.145	0.584	0.188	0.414	0.146	0.383	0.175	0.159	0.182	0.426	0.386	0.431	0.153	0.611	0.163	0.431	0.159	0.404	0.171	0.153	0.179												
13:00:01													0.436	0.370	0.432	0.147	0.487	0.198	0.433	0.150	0.419	0.210	0.161	0.186	0.409	0.385	0.448	0.159	0.534	0.207	0.387	0.147	0.401	0.183	0.170	0.176	0.494	0.393	0.489	0.148	0.569	0.177	0.469	0.236	0.381	0.184	0.147	0.174	0.474	0.372	0.475	0.145	0.667	0.170	0.383	0.147	0.392	0.185	0.149	0.179	0.424	0.385	0.445	0.145	0.597	0.212	0.406	0.146	0.389	0.207	0.159	0.187	0.431	0.388	0.434	0.153	0.620	0.169	0.442	0.158	0.411	0.177	0.152	0.191												
13:20:01													0.442	0.373	0.444	0.147	0.490	0.217	0.444	0.150	0.426	0.215	0.159	0.190	0.417	0.388	0.456	0.160	0.539	0.203	0.397	0.147	0.405	0.177	0.166	0.183	0.500	0.398	0.502	0.148	0.578	0.180	0.488	0.260	0.388	0.177	0.147	0.182	0.479	0.375	0.479	0.145	0.672	0.174	0.391	0.147	0.398	0.180	0.149	0.188	0.427	0.386	0.454	0.145	0.605	0.200	0.416	0.146	0.392	0.193	0.159	0.201	0.434	0.389	0.439	0.153	0.628	0.181	0.452	0.158	0.419	0.195	0.153	0.218												
13:40:01													0.444	0.376	0.450	0.147	0.501	0.223	0.455	0.150	0.434	0.226	0.159	0.197	0.417	0.391	0.466	0.160	0.550	0.203	0.405	0.147	0.410	0.185	0.166	0.198	0.508	0.402	0.510	0.148	0.589	0.185	0.505	0.262	0.396	0.182	0.147	0.214	0.484	0.378	0.491	0.145	0.685	0.205	0.400	0.147	0.406	0.181	0.149	0.222	0.437	0.391	0.454	0.145	0.621	0.203	0.429	0.146	0.397	0.211	0.159	0.229	0.439	0.396	0.444	0.153	0.639	0.200	0.462	0.158	0.426	0.191	0.152	0.223												
14:00:01													0.447	0.380	0.457	0.147	0.502	0.231	0.469	0.150	0.438	0.217	0.158	0.215	0.424	0.394	0.468	0.159	0.555	0.206	0.410	0.147	0.412	0.198	0.169	0.228	0.514	0.405	0.517	0.148	0.595	0.193	0.520	0.242	0.402	0.190	0.147	0.217	0.490	0.381	0.501	0.145	0.689	0.204	0.412	0.147	0.414	0.193	0.148	0.224	0.436	0.394	0.468	0.145	0.632	0.213	0.449	0.146	0.402	0.218	0.159	0.228	0.444	0.399	0.448	0.153	0.647	0.194	0.469	0.158	0.432	0.206	0.152	0.214												
14:20:01													0.449	0.383	0.469	0.147	0.511	0.239	0.483	0.150	0.441	0.227	0.158	0.261	0.428	0.397	0.483	0.159	0.566	0.220	0.415	0.147	0.414	0.211	0.169	0.238	0.520	0.407	0.526	0.148	0.602	0.206	0.536	0.243	0.411	0.196	0.147	0.222	0.494	0.383	0.509	0.145	0.696	0.229	0.421	0.147	0.422	0.199	0.148	0.231	0.436	0.397	0.477	0.145	0.642	0.229	0.469	0.146	0.406	0.221	0.159	0.226	0.449	0.400	0.454	0.153	0.656	0.209	0.477	0.158	0.436	0.213	0.153	0.220												
14:40:01													0.454	0.386	0.483	0.147	0.519	0.259	0.494	0.150	0.443	0.244	0.158	0.251	0.434	0.399	0.496	0.159	0.577	0.238	0.420	0.147	0.420	0.225	0.169	0.254	0.526	0.408	0.538	0.148	0.608	0.226	0.548	0.245	0.415	0.206	0.147	0.228	0.499	0.385	0.516	0.145	0.705	0.244	0.432	0.147	0.436	0.203	0.148	0.235	0.437	0.399	0.487	0.145	0.651	0.244	0.491	0.146	0.411	0.229	0.159	0.234	0.454	0.401	0.459	0.153	0.665	0.220	0.485	0.158	0.441	0.227	0.153	0.242												
15:00:01													0.460	0.385	0.499	0.147	0.528	0.288	0.504	0.150	0.448	0.266	0.157	0.279	0.440	0.399	0.508	0.160	0.589	0.259	0.425	0.147	0.428	0.240	0.165	0.268	0.530	0.410	0.548	0.148	0.614	0.253	0.556	0.270	0.424	0.228	0.147	0.241	0.504	0.385	0.525	0.145	0.713	0.266	0.441	0.147	0.442	0.216	0.149	0.244	0.447	0.401	0.494	0.145	0.658	0.264	0.508	0.146	0.414	0.240	0.159	0.252	0.458	0.403	0.465	0.153	0.676	0.241	0.492	0.159	0.446	0.250	0.152	0.266												
15:20:01													0.463	0.385	0.521	0.147	0.532	0.320	0.514	0.150	0.452	0.294	0.157	0.319	0.445	0.401	0.525	0.160	0.599	0.277	0.432	0.147	0.434	0.269	0.164	0.285	0.538	0.411	0.564	0.148	0.622	0.283	0.567	0.272	0.429	0.249	0.147	0.258	0.510	0.388	0.536	0.145	0.722	0.280	0.450	0.147	0.450	0.237	0.149	0.247	0.448	0.402	0.503	0.145	0.667	0.287	0.523	0.146	0.418	0.255	0.159	0.272	0.463	0.405	0.470	0.153	0.688	0.261	0.498	0.159	0.451	0.281	0.152	0.287												
15:40:01													0.468	0.385	0.549	0.147	0.544	0.356	0.522	0.150	0.457	0.324	0.157	0.367	0.450	0.402	0.543	0.159	0.611	0.302	0.436	0.147	0.442	0.296	0.168	0.293	0.547	0.414	0.577	0.148	0.633	0.310	0.578	0.250	0.435	0.267	0.147	0.279	0.516	0.390	0.550	0.145	0.732	0.296	0.462	0.147	0.459	0.255	0.148	0.258	0.450	0.403	0.513	0.145	0.679	0.309	0.540	0.146	0.422	0.273	0.159	0.294	0.468	0.410	0.475	0.153	0.700	0.286	0.504	0.159	0.459	0.326	0.152	0.312												
16:00:01													0.473	0.390	0.569	0.147	0.554	0.400	0.529	0.150	0.465	0.354	0.157	0.420	0.459	0.404	0.561	0.160	0.622	0.331	0.445	0.147	0.456	0.324	0.164	0.313	0.553	0.415	0.593	0.148	0.641	0.336	0.588	0.274	0.442	0.286	0.147	0.291	0.522	0.390	0.561	0.145	0.742	0.313	0.471	0.147	0.465	0.271	0.149	0.276	0.460	0.405	0.519	0.145	0.688	0.344	0.545	0.146	0.426	0.299	0.159	0.315	0.472	0.411	0.480	0.153	0.712	0.324	0.512	0.159	0.463	0.339	0.152	0.342												
16:20:01													0.478	0.391	0.589	0.147	0.566	0.439	0.538	0.150	0.476	0.393	0.157	0.461	0.465	0.407	0.580	0.160	0.639	0.357	0.454	0.147	0.467	0.353	0.164	0.344	0.560	0.416	0.609	0.148	0.654	0.366	0.598	0.277	0.446	0.303	0.147	0.303	0.528	0.393	0.573	0.145	0.755	0.329	0.483	0.147	0.471	0.287	0.148	0.288	0.467	0.408	0.528	0.145	0.698	0.377	0.553	0.146	0.431	0.324	0.159	0.336	0.478	0.412	0.485	0.153	0.723	0.361	0.524	0.159	0.470	0.368	0.152	0.376												
16:40:01													0.483	0.396	0.607	0.147	0.578	0.478	0.550	0.150	0.486	0.429	0.157	0.512	0.473	0.410	0.598	0.160	0.639	0.382	0.464	0.147	0.479	0.379	0.164	0.376	0.567	0.418	0.624	0.148	0.665	0.391	0.610	0.280	0.451	0.324	0.147	0.321	0.535	0.395	0.587	0.145	0.764	0.352	0.493	0.147	0.478	0.302	0.148	0.306	0.473	0.410	0.537	0.145	0.705	0.407	0.565	0.146	0.435	0.349	0.159	0.359	0.482	0.414	0.490	0.153	0.731	0.394	0.539	0.159	0.476	0.408	0.152	0.412												
17:00:01													0.487	0.400	0.621	0.147	0.589	0.512	0.566	0.150	0.495	0.474	0.156	0.564	0.481	0.412	0.614	0.159	0.649	0.413	0.476	0.147	0.491	0.407	0.163	0.404	0.578	0.419	0.638	0.148	0.674	0.428	0.622	0.278	0.457	0.348	0.147	0.348	0.541	0.397	0.600	0.145	0.773	0.372	0.504	0.147	0.485	0.317	0.148	0.328	0.479	0.411	0.546	0.145	0.709	0.439	0.579	0.146	0.442	0.367	0.159	0.386	0.485	0.418	0.495	0.153	0.740	0.437	0.564	0.159	0.482	0.442	0.152	0.440												
17:20:01													0.490	0.399	0.635	0.147	0.599	0.552	0.582	0.150	0.506	0.514	0.156	0.621	0.489	0.415	0.628	0.159	0.656	0.442	0.489	0.147	0.503	0.443	0.163	0.430	0.588	0.420	0.650	0.148	0.682	0.458	0.634	0.279	0.461	0.375	0.146	0.376	0.548	0.400	0.614	0.144	0.779	0.389	0.513	0.147	0.492	0.337	0.148	0.355	0.483	0.414	0.556	0.145	0.714	0.465	0.597	0.146	0.453	0.394	0.159	0.417	0.489	0.423	0.503	0.152	0.749	0.468	0.587	0.159	0.490	0.485	0.151	0.471												
17:40:01													0.493	0.403	0.648	0.147	0.611	0.579	0.599	0.150	0.516	0.547	0.156	0.662	0.495	0.418	0.643	0.159	0.661	0.463	0.501	0.147	0.513	0.472	0.163	0.461	0.599	0.422	0.660	0.148	0.690	0.482	0.647	0.280	0.467	0.407	0.146	0.406	0.554	0.401	0.628	0.145	0.783	0.404	0.523	0.147	0.499	0.361	0.148	0.382	0.489	0.416	0.566	0.145	0.720	0.489	0.616	0.146	0.464	0.417	0.159	0.448	0.494	0.425	0.511	0.152	0.757	0.491	0.612	0.159	0.497	0.515	0.151	0.503												
18:00:01													0.497	0.407	0.660	0.147	0.621	0.603	0.617	0.149	0.528	0.571	0.156	0.716	0.501	0.421	0.658	0.159	0.667	0.487	0.513	0.146	0.524	0.498	0.162	0.498	0.611	0.424	0.672	0.148	0.697	0.505	0.660	0.281	0.474	0.429	0.146	0.438	0.561	0.404	0.641	0.144	0.789	0.415	0.533	0.147	0.509	0.390	0.148	0.407	0.493	0.419	0.577	0.145	0.725	0.504	0.634	0.146	0.476	0.448	0.159	0.481	0.499	0.430	0.519	0.152	0.764	0.511	0.638	0.159	0.504	0.538	0.151	0.534												
18:20:01													0.500	0.408	0.670	0.147	0.630	0.632	0.634	0.150	0.539	0.586	0.156	0.758	0.506	0.424	0.671	0.159	0.674	0.506	0.523	0.147	0.534	0.533	0.162	0.540	0.623	0.425	0.681	0.147	0.703	0.530	0.672	0.281	0.481	0.450	0.146	0.468	0.569	0.406	0.654	0.145	0.795	0.429	0.545	0.147	0.520	0.418	0.148	0.432	0.500	0.422	0.587	0.145	0.731	0.525	0.651	0.146	0.492	0.481	0.159	0.509	0.506	0.433	0.529	0.152	0.770	0.529	0.668	0.159	0.511	0.547	0.151	0.557												
18:40:01													0.504	0.413	0.680	0.147	0.639	0.662	0.651	0.150	0.550	0.607	0.155	0.807	0.512	0.426	0.683	0.159	0.683	0.540	0.536	0.147	0.544	0.561	0.162	0.572	0.634	0.428	0.691	0.147	0.710	0.552	0.683	0.283	0.489	0.486	0.146	0.500	0.577	0.408	0.664	0.145	0.802	0.437	0.558	0.147	0.530	0.453	0.148	0.459	0.506	0.424	0.599	0.145	0.737	0.547	0.665	0.146	0.508	0.519	0.160	0.534	0.514	0.436	0.539	0.152	0.776	0.561	0.697	0.159	0.516	0.574	0.151	0.581												
19:00:01													0.508	0.416	0.689	0.147	0.648	0.672	0.668	0.150	0.565	0.619	0.155	0.827	0.517	0.429	0.694	0.159	0.691	0.568	0.549	0.147	0.553	0.581	0.162	0.593	0.646	0.429	0.701	0.147	0.716	0.580	0.694	0.283	0.497	0.550	0.146	0.530	0.584	0.410	0.673	0.145	0.808	0.448	0.572	0.147	0.539	0.484	0.148	0.488	0.513	0.427	0.607	0.145	0.743	0.568	0.679	0.146	0.525	0.551	0.160	0.563	0.524	0.440	0.550	0.152	0.781	0.568	0.722	0.160	0.523	0.589	0.151	0.608												
19:20:01													0.512	0.419	0.698	0.147	0.658	0.675	0.679	0.149	0.577	0.635	0.155	0.795	0.523	0.432	0.705	0.159	0.698	0.592	0.562	0.146	0.562	0.620	0.162	0.625	0.659	0.430	0.708	0.147	0.723	0.576	0.702	0.285	0.506	0.584	0.146	0.562	0.592	0.412	0.681	0.144	0.814	0.465	0.583	0.147	0.547	0.541	0.148	0.525	0.521	0.430	0.617	0.145	0.748	0.583	0.691	0.146	0.541	0.582	0.160	0.590	0.535	0.444	0.559	0.152	0.786	0.597	0.743	0.160	0.530	0.629	0.151	0.649												
19:40:01													0.517	0.422	0.706	0.147	0.664	0.695	0.690	0.149	0.589	0.678	0.155	0.834	0.528	0.434	0.714	0.159	0.706	0.611	0.576	0.146	0.570	0.664	0.162	0.651	0.668	0.432	0.714	0.147	0.729	0.610	0.710	0.284	0.514	0.625	0.146	0.620	0.599	0.415	0.689	0.145	0.820	0.485	0.594	0.147	0.554	0.586	0.148	0.602	0.527	0.431	0.623	0.145	0.753	0.591	0.700	0.146	0.556	0.638	0.160	0.617	0.547	0.446	0.568	0.152	0.793	0.626	0.759	0.160	0.534	0.666	0.151	0.673												
20:00:01													0.521	0.425	0.714	0.147	0.671	0.730	0.700	0.149	0.600	0.727	0.155	0.832	0.533	0.437	0.721	0.159	0.714	0.647	0.590	0.147	0.578	0.710	0.162	0.681	0.676	0.434	0.721	0.147	0.735	0.639	0.716	0.285	0.521	0.652	0.146	0.671	0.606	0.417	0.696	0.145	0.825	0.509	0.604	0.147	0.560	0.628	0.148	0.668	0.533	0.435	0.633	0.145	0.759	0.609	0.708	0.147	0.569	0.673	0.160	0.678	0.555	0.451	0.576	0.152	0.799	0.656	0.771	0.160	0.539	0.700	0.151	0.670												
20:20:01													0.526	0.428	0.721	0.147	0.677	0.755	0.709	0.149	0.611	0.779	0.155	0.905	0.539	0.440	0.728	0.159	0.720	0.657	0.599	0.147	0.585	0.735	0.161	0.751	0.689	0.436	0.728	0.147	0.741	0.659	0.723	0.285	0.528	0.707	0.146	0.690	0.612	0.419	0.702	0.144	0.830	0.553	0.612	0.147	0.565	0.667	0.148	0.713	0.540	0.437	0.641	0.145	0.765	0.635	0.714	0.147	0.579	0.722	0.160	0.717	0.560	0.455	0.584	0.152	0.804	0.691	0.781	0.160	0.543	0.737	0.151	0.696												
20:40:01													0.531	0.432	0.728	0.147	0.684	0.775	0.716	0.149	0.620	0.822	0.155	0.960	0.546	0.443	0.733	0.159	0.725	0.700	0.609	0.147	0.593	0.762	0.161	0.807	0.701	0.437	0.733	0.147	0.746	0.678	0.728	0.286	0.534	0.739	0.146	0.713	0.620	0.421	0.709	0.144	0.836	0.590	0.619	0.147	0.571	0.700	0.148	0.774	0.547	0.442	0.650	0.145	0.771	0.656	0.719	0.147	0.590	0.747	0.160	0.766	0.566	0.458	0.590	0.152	0.809	0.718	0.790	0.160	0.548	0.779	0.151	0.749												
21:00:01													0.535	0.434	0.736	0.147	0.689	0.784	0.722	0.149	0.630	0.849	0.155	1.008	0.554	0.445	0.739	0.159	0.730	0.717	0.617	0.146	0.600	0.787	0.161	0.849	0.713	0.440	0.738	0.147	0.751	0.692	0.733	0.285	0.539	0.767	0.146	0.736	0.628	0.423	0.714	0.144	0.841	0.633	0.626	0.147	0.576	0.730	0.148	0.803	0.554	0.444	0.658	0.145	0.776	0.698	0.724	0.146	0.600	0.773	0.160	0.793	0.568	0.461	0.595	0.152	0.815	0.748	0.801	0.160	0.553	0.821	0.151	0.757												
21:20:01													0.541	0.437	0.744	0.146	0.696	0.803	0.729	0.149	0.640	0.879	0.155	1.037	0.562	0.447	0.744	0.158	0.736	0.754	0.622	0.146	0.603	0.810	0.164	0.923	0.733	0.442	0.745	0.147	0.756	0.717	0.740	0.261	0.544	0.789	0.146	0.754	0.638	0.426	0.720	0.144	0.849	0.675	0.633	0.146	0.583	0.759	0.147	0.849	0.561	0.445	0.669	0.144	0.782	0.736	0.730	0.146	0.611	0.787	0.160	0.821	0.568	0.463	0.599	0.152	0.820	0.787	0.810	0.160	0.559	0.860	0.152	0.807												
21:40:01													0.547	0.438	0.751	0.147	0.702	0.838	0.734	0.149	0.650	0.902	0.155	1.080	0.570	0.449	0.750	0.158	0.741	0.791	0.628	0.146	0.609	0.841	0.164	0.969	0.744	0.444	0.750	0.147	0.761	0.748	0.745	0.260	0.548	0.810	0.146	0.791	0.649	0.428	0.726	0.144	0.854	0.699	0.638	0.146	0.587	0.785	0.147	0.880	0.568	0.448	0.677	0.144	0.787	0.783	0.736	0.146	0.618	0.810	0.161	0.847	0.566	0.465	0.602	0.152	0.825	0.834	0.822	0.160	0.564	0.911	0.152	0.832												
22:00:01													0.552	0.441	0.758	0.147	0.705	0.856	0.739	0.149	0.659	0.912	0.155	1.116	0.578	0.452	0.756	0.159	0.746	0.826	0.635	0.146	0.618	0.868	0.161	1.021	0.751	0.446	0.755	0.147	0.764	0.771	0.751	0.286	0.553	0.829	0.146	0.811	0.658	0.429	0.731	0.144	0.857	0.711	0.642	0.147	0.590	0.805	0.148	0.917	0.576	0.450	0.686	0.144	0.791	0.810	0.742	0.146	0.619	0.831	0.161	0.878	0.563	0.469	0.606	0.152	0.832	0.857	0.828	0.160	0.567	0.929	0.151	0.904												
22:20:01													0.561	0.444	0.766	0.146	0.712	0.893	0.745	0.149	0.667	0.941	0.155	1.148	0.585	0.453	0.761	0.158	0.750	0.842	0.641	0.146	0.621	0.891	0.164	1.048	0.762	0.450	0.760	0.147	0.769	0.799	0.757	0.259	0.557	0.846	0.146	0.838	0.667	0.432	0.738	0.144	0.864	0.742	0.646	0.146	0.597	0.822	0.147	0.955	0.584	0.452	0.694	0.144	0.797	0.827	0.748	0.146	0.628	0.850	0.161	0.906	0.561	0.470	0.610	0.152	0.843	0.909	0.836	0.160	0.574	0.999	0.152	0.913												
22:40:01													0.570	0.445	0.772	0.147	0.716	0.931	0.751	0.149	0.677	0.952	0.155	1.188	0.592	0.455	0.767	0.158	0.755	0.854	0.647	0.146	0.626	0.919	0.165	1.079	0.769	0.452	0.765	0.147	0.773	0.822	0.762	0.253	0.562	0.862	0.146	0.848	0.679	0.433	0.743	0.144	0.868	0.753	0.651	0.146	0.602	0.842	0.147	0.994	0.595	0.455	0.702	0.144	0.801	0.842	0.754	0.146	0.632	0.864	0.161	0.947	0.565	0.472	0.612	0.152	0.852	0.922	0.844	0.160	0.579	0.998	0.152	0.941												
23:00:01													0.578	0.447	0.779	0.147	0.719	0.922	0.756	0.149	0.684	0.975	0.155	1.212	0.602	0.456	0.774	0.158	0.759	0.868	0.655	0.146	0.634	0.934	0.162	1.089	0.776	0.454	0.770	0.147	0.776	0.836	0.768	0.277	0.568	0.881	0.146	0.874	0.692	0.434	0.748	0.144	0.871	0.771	0.655	0.146	0.605	0.862	0.148	1.013	0.606	0.457	0.709	0.144	0.804	0.854	0.760	0.147	0.634	0.884	0.161	0.975	0.570	0.474	0.614	0.152	0.857	0.936	0.852	0.161	0.585	1.030	0.151	0.964												
23:20:01													0.591	0.450	0.787	0.147	0.723	0.971	0.762	0.149	0.691	0.989	0.155	1.229	0.611	0.458	0.780	0.158	0.764	0.880	0.662	0.146	0.639	0.940	0.162	1.103	0.782	0.456	0.776	0.147	0.779	0.849	0.773	0.276	0.573	0.900	0.146	0.883	0.708	0.436	0.754	0.144	0.875	0.787	0.659	0.147	0.609	0.875	0.148	1.040	0.619	0.459	0.716	0.144	0.809	0.867	0.767	0.147	0.639	0.903	0.161	1.010	0.575	0.475	0.617	0.152	0.862	0.952	0.864	0.161	0.593	1.060	0.151	0.997												
23:40:01													0.608	0.453	0.796	0.147	0.729	0.955	0.770	0.149	0.698	1.016	0.155	1.244	0.620	0.460	0.786	0.158	0.768	0.885	0.669	0.146	0.641	0.956	0.164	1.123	0.790	0.460	0.783	0.147	0.785	0.867	0.778	0.251	0.577	0.918	0.146	0.912	0.722	0.438	0.761	0.144	0.880	0.800	0.664	0.146	0.615	0.895	0.147	1.063	0.629	0.460	0.722	0.144	0.814	0.877	0.775	0.146	0.648	0.919	0.161	1.035	0.581	0.476	0.618	0.152	0.863	0.968	0.873	0.160	0.598	1.093	0.152	1.021												
24:00:01													0.616	0.454	0.804	0.147	0.736	0.991	0.776	0.149	0.704	1.088	0.155	1.268	0.629	0.461	0.793	0.158	0.773	0.900	0.677	0.146	0.650	0.973	0.161	1.153	0.791	0.460	0.788	0.147	0.788	0.880	0.784	0.276	0.583	0.936	0.146	0.930	0.737	0.439	0.767	0.144	0.884	0.810	0.669	0.147	0.618	0.908	0.148	1.089	0.641	0.462	0.728	0.144	0.819	0.876	0.782	0.146	0.650	0.927	0.161	1.069	0.587	0.478	0.622	0.152	0.834	0.989	0.883	0.161	0.604	1.116	0.151	1.042												
24:20:01													0.641	0.457	0.816	0.147	0.756	0.995	0.783	0.149	0.707	1.101	0.155	1.300	0.652	0.462	0.804	0.159	0.784	0.919	0.685	0.146	0.657	0.989	0.165	1.176	0.805	0.465	0.801	0.147	0.798	0.889	0.791	0.279	0.591	0.955	0.147	0.942	0.758	0.441	0.777	0.144	0.895	0.822	0.675	0.146	0.624	0.923	0.148	1.110	0.663	0.465	0.740	0.145	0.837	0.890	0.790	0.147	0.655	0.940	0.162	1.097	0.597	0.481	0.636	0.151	0.836	1.016	0.894	0.161	0.618	1.145	0.151	1.057												
24:40:01													0.647	0.457	0.821	0.147	0.765	1.009	0.790	0.149	0.717	1.111	0.155	1.313	0.649	0.464	0.806	0.158	0.790	0.928	0.693	0.146	0.663	1.002	0.161	1.199	0.804	0.466	0.801	0.147	0.796	0.902	0.796	0.273	0.593	0.969	0.146	0.964	0.762	0.442	0.778	0.145	0.904	0.835	0.681	0.147	0.628	0.933	0.148	1.130	0.664	0.466	0.738	0.144	0.845	0.913	0.796	0.147	0.661	0.954	0.162	1.120	0.600	0.482	0.632	0.152	0.837	1.031	0.904	0.161	0.616	1.167	0.151	1.099												
25:00:01													0.665	0.459	0.830	0.147	0.778	1.033	0.797	0.149	0.724	1.149	0.155	1.336	0.659	0.466	0.813	0.158	0.801	0.938	0.700	0.146	0.668	1.015	0.163	1.212	0.807	0.470	0.808	0.147	0.804	0.917	0.802	0.248	0.596	0.987	0.147	0.980	0.775	0.444	0.786	0.144	0.907	0.838	0.687	0.146	0.636	0.952	0.148	1.151	0.679	0.468	0.743	0.144	0.854	0.931	0.803	0.146	0.670	0.963	0.162	1.142	0.605	0.485	0.637	0.152	0.836	1.044	0.914	0.161	0.626	1.177	0.152	1.122												
25:20:01													0.675	0.461	0.838	0.147	0.785	1.053	0.803	0.149	0.729	1.152	0.155	1.363	0.669	0.467	0.820	0.158	0.814	0.952	0.709	0.146	0.677	1.026	0.160	1.242	0.814	0.471	0.813	0.147	0.816	0.929	0.807	0.268	0.602	1.000	0.146	0.993	0.782	0.445	0.791	0.144	0.909	0.846	0.693	0.147	0.639	0.965	0.148	1.168	0.690	0.470	0.748	0.144	0.862	0.941	0.809	0.147	0.672	0.975	0.162	1.175	0.611	0.487	0.644	0.152	0.840	1.056	0.924	0.161	0.639	1.181	0.151	1.145												
25:40:01													0.694	0.464	0.847	0.147	0.792	1.069	0.811	0.149	0.737	1.171	0.155	1.385	0.679	0.469	0.827	0.158	0.826	0.957	0.716	0.146	0.682	1.039	0.163	1.256	0.821	0.477	0.820	0.147	0.825	0.949	0.813	0.247	0.606	1.016	0.147	1.018	0.792	0.448	0.797	0.144	0.913	0.858	0.700	0.146	0.646	0.978	0.147	1.188	0.703	0.473	0.753	0.144	0.865	0.956	0.816	0.146	0.680	0.989	0.162	1.198	0.616	0.489	0.650	0.152	0.841	1.069	0.933	0.161	0.645	1.188	0.152	1.189												
26:00:01													0.709	0.466	0.856	0.147	0.796	1.090	0.819	0.149	0.755	1.198	0.155	1.408	0.691	0.471	0.834	0.158	0.833	0.959	0.725	0.146	0.688	1.054	0.162	1.271	0.828	0.481	0.826	0.147	0.833	0.964	0.820	0.244	0.614	1.029	0.147	1.024	0.800	0.450	0.803	0.144	0.915	0.867	0.707	0.146	0.651	0.995	0.147	1.204	0.714	0.475	0.758	0.144	0.867	0.967	0.823	0.146	0.686	1.007	0.162	1.220	0.623	0.493	0.659	0.152	0.844	1.074	0.945	0.161	0.658	1.193	0.151	1.221												
26:20:01													0.722	0.468	0.865	0.146	0.797	1.095	0.826	0.149	0.763	1.216	0.155	1.435	0.703	0.473	0.841	0.158	0.836	0.972	0.733	0.146	0.693	1.067	0.161	1.291	0.833	0.485	0.832	0.147	0.839	0.982	0.825	0.241	0.618	1.042	0.147	1.046	0.806	0.452	0.810	0.144	0.917	0.879	0.713	0.146	0.658	1.010	0.147	1.219	0.723	0.478	0.764	0.144	0.865	0.978	0.830	0.146	0.692	1.022	0.162	1.239	0.630	0.496	0.665	0.152	0.848	1.079	0.957	0.161	0.667	1.191	0.151	1.254												
26:40:01													0.727	0.469	0.873	0.147	0.797	1.109	0.831	0.149	0.768	1.226	0.155	1.457	0.708	0.474	0.849	0.158	0.838	0.983	0.741	0.146	0.698	1.074	0.159	1.305	0.840	0.487	0.838	0.147	0.844	0.998	0.831	0.261	0.623	1.053	0.146	1.056	0.810	0.453	0.815	0.144	0.918	0.895	0.720	0.147	0.662	1.022	0.147	1.234	0.730	0.480	0.769	0.144	0.863	0.984	0.837	0.147	0.695	1.047	0.162	1.257	0.636	0.499	0.674	0.152	0.852	1.073	0.972	0.161	0.677	1.199	0.151	1.285												
27:00:01													0.744	0.470	0.884	0.146	0.794	1.118	0.840	0.149	0.773	1.234	0.155	1.474	0.720	0.476	0.855	0.158	0.838	1.005	0.747	0.146	0.699	1.087	0.160	1.312	0.845	0.494	0.844	0.147	0.849	1.016	0.838	0.236	0.627	1.066	0.147	1.077	0.819	0.456	0.822	0.144	0.919	0.918	0.727	0.146	0.670	1.038	0.147	1.250	0.740	0.483	0.776	0.144	0.859	0.993	0.845	0.146	0.702	1.060	0.162	1.274	0.644	0.501	0.680	0.152	0.853	1.073	0.985	0.161	0.685	1.199	0.151	1.288												
27:20:01													0.752	0.471	0.893	0.146	0.790	1.130	0.848	0.149	0.776	1.242	0.155	1.481	0.728	0.478	0.862	0.158	0.839	1.018	0.755	0.146	0.701	1.100	0.160	1.326	0.852	0.498	0.849	0.147	0.849	1.027	0.843	0.234	0.634	1.076	0.147	1.088	0.821	0.458	0.829	0.144	0.920	0.930	0.733	0.146	0.675	1.048	0.147	1.262	0.746	0.485	0.781	0.144	0.856	1.008	0.851	0.146	0.707	1.087	0.163	1.285	0.654	0.503	0.689	0.152	0.854	1.076	0.998	0.161	0.691	1.196	0.151	1.317												
27:40:01													0.756	0.473	0.901	0.146	0.789	1.140	0.855	0.149	0.776	1.247	0.155	1.476	0.736	0.480	0.870	0.157	0.839	1.026	0.762	0.146	0.703	1.112	0.160	1.343	0.857	0.503	0.855	0.147	0.849	1.037	0.849	0.230	0.639	1.085	0.147	1.104	0.827	0.460	0.835	0.144	0.920	0.936	0.740	0.146	0.681	1.061	0.147	1.275	0.755	0.487	0.787	0.144	0.854	1.027	0.857	0.147	0.712	1.091	0.163	1.303	0.664	0.504	0.701	0.152	0.857	1.080	1.010	0.161	0.698	1.190	0.151	1.339												
28:00:01													0.759	0.474	0.909	0.147	0.787	1.151	0.861	0.149	0.776	1.244	0.155	1.468	0.743	0.481	0.875	0.158	0.840	1.036	0.771	0.146	0.706	1.122	0.157	1.351	0.861	0.505	0.862	0.147	0.848	1.046	0.855	0.248	0.643	1.093	0.146	1.118	0.831	0.461	0.840	0.144	0.920	0.946	0.746	0.147	0.683	1.071	0.147	1.289	0.762	0.489	0.796	0.144	0.852	1.039	0.864	0.147	0.715	1.109	0.163	1.313	0.679	0.506	0.720	0.152	0.860	1.077	1.025	0.161	0.703	1.186	0.151	1.365												
28:20:01													0.763	0.475	0.918	0.147	0.785	1.161	0.869	0.149	0.772	1.248	0.155	1.462	0.750	0.482	0.882	0.158	0.839	1.045	0.778	0.146	0.708	1.132	0.157	1.365	0.872	0.510	0.867	0.147	0.845	1.052	0.860	0.245	0.645	1.101	0.146	1.133	0.835	0.464	0.847	0.144	0.919	0.955	0.753	0.147	0.685	1.082	0.147	1.301	0.768	0.491	0.807	0.144	0.850	1.048	0.870	0.147	0.719	1.131	0.163	1.323	0.689	0.508	0.737	0.152	0.863	1.075	1.038	0.161	0.710	1.173	0.151	1.393												
28:40:01													0.772	0.476	0.926	0.147	0.785	1.163	0.877	0.149	0.770	1.247	0.155	1.456	0.759	0.484	0.888	0.158	0.839	1.054	0.786	0.146	0.710	1.145	0.156	1.378	0.882	0.514	0.874	0.147	0.844	1.063	0.866	0.241	0.649	1.110	0.146	1.145	0.846	0.465	0.854	0.144	0.920	0.957	0.759	0.147	0.688	1.094	0.147	1.312	0.773	0.493	0.811	0.144	0.848	1.053	0.876	0.147	0.721	1.138	0.163	1.334	0.702	0.510	0.748	0.152	0.864	1.062	1.050	0.161	0.714	1.168	0.151	1.410												
29:00:01													0.788	0.478	0.935	0.147	0.783	1.171	0.884	0.149	0.766	1.250	0.155	1.456	0.765	0.486	0.895	0.158	0.839	1.057	0.793	0.146	0.711	1.158	0.156	1.386	0.889	0.518	0.879	0.147	0.842	1.066	0.871	0.238	0.653	1.119	0.146	1.158	0.858	0.467	0.859	0.144	0.918	0.956	0.765	0.147	0.690	1.102	0.147	1.323	0.778	0.495	0.815	0.144	0.846	1.060	0.882	0.147	0.723	1.162	0.163	1.344	0.712	0.514	0.758	0.152	0.866	1.046	1.059	0.161	0.719	1.166	0.152	1.430												
29:20:01													0.797	0.480	0.944	0.147	0.781	1.172	0.892	0.149	0.763	1.242	0.155	1.408	0.773	0.487	0.901	0.158	0.838	1.073	0.801	0.146	0.712	1.167	0.155	1.392	0.895	0.523	0.885	0.147	0.841	1.070	0.876	0.235	0.657	1.126	0.146	1.172	0.864	0.469	0.867	0.144	0.917	0.966	0.772	0.147	0.693	1.110	0.147	1.332	0.782	0.496	0.820	0.144	0.845	1.072	0.889	0.147	0.725	1.177	0.164	1.355	0.725	0.517	0.767	0.152	0.868	0.985	1.069	0.161	0.722	1.099	0.151	1.448												
29:40:01													0.809	0.483	0.953	0.147	0.780	1.172	0.899	0.149	0.759	1.242	0.155	1.376	0.780	0.489	0.907	0.158	0.837	1.081	0.808	0.146	0.714	1.184	0.155	1.400	0.902	0.528	0.891	0.147	0.839	1.075	0.882	0.231	0.662	1.136	0.146	1.185	0.870	0.470	0.873	0.144	0.916	0.983	0.778	0.147	0.695	1.115	0.147	1.340	0.791	0.498	0.822	0.144	0.844	1.085	0.895	0.147	0.727	1.185	0.164	1.357	0.736	0.518	0.776	0.152	0.869	0.913	1.078	0.161	0.726	1.056	0.151	1.456												
30:00:01													0.822	0.487	0.964	0.146	0.780	1.171	0.907	0.149	0.753	1.236	0.155	1.382	0.788	0.491	0.913	0.157	0.837	1.086	0.815	0.146	0.715	1.184	0.156	1.411	0.908	0.534	0.898	0.147	0.839	1.078	0.888	0.210	0.665	1.146	0.146	1.198	0.876	0.473	0.880	0.144	0.916	0.999	0.784	0.147	0.697	1.125	0.147	1.348	0.801	0.501	0.825	0.144	0.843	1.099	0.901	0.147	0.729	1.194	0.164	1.375	0.745	0.516	0.780	0.152	0.869	0.887	1.085	0.161	0.724	1.068	0.152	1.462												
30:20:01													0.816	0.489	0.969	0.147	0.778	1.170	0.912	0.149	0.748	1.230	0.155	1.388	0.794	0.492	0.920	0.158	0.837	1.091	0.823	0.146	0.717	1.187	0.154	1.418	0.911	0.535	0.904	0.147	0.837	1.082	0.894	0.224	0.669	1.154	0.146	1.208	0.878	0.473	0.886	0.144	0.914	1.015	0.791	0.147	0.699	1.130	0.147	1.357	0.816	0.502	0.828	0.144	0.843	1.106	0.907	0.147	0.731	1.205	0.165	1.388	0.757	0.515	0.790	0.152	0.872	0.891	1.093	0.160	0.733	1.080	0.152	1.464												
30:40:01													0.821	0.488	0.978	0.147	0.777	1.174	0.919	0.149	0.736	1.229	0.155	1.393	0.801	0.494	0.926	0.158	0.837	1.104	0.830	0.146	0.719	1.205	0.153	1.427	0.913	0.539	0.910	0.147	0.836	1.087	0.899	0.220	0.672	1.163	0.146	1.220	0.883	0.475	0.892	0.144	0.914	1.026	0.796	0.147	0.700	1.150	0.147	1.367	0.823	0.503	0.830	0.144	0.843	1.112	0.912	0.147	0.737	1.216	0.165	1.396	0.766	0.513	0.798	0.152	0.872	0.904	1.101	0.160	0.736	1.090	0.153	1.466												
31:00:01													0.826	0.486	0.986	0.147	0.776	1.174	0.925	0.149	0.724	1.220	0.155	1.400	0.808	0.497	0.933	0.158	0.836	1.127	0.837	0.146	0.724	1.222	0.153	1.439	0.916	0.542	0.917	0.146	0.835	1.091	0.904	0.218	0.674	1.174	0.146	1.234	0.888	0.477	0.899	0.144	0.914	1.034	0.803	0.147	0.701	1.171	0.147	1.375	0.827	0.505	0.833	0.144	0.844	1.119	0.918	0.147	0.740	1.234	0.165	1.402	0.772	0.510	0.805	0.152	0.872	0.918	1.108	0.160	0.739	1.099	0.153	1.469												
31:20:01													0.833	0.484	0.995	0.147	0.775	1.172	0.933	0.149	0.718	1.230	0.155	1.407	0.816	0.499	0.939	0.158	0.836	1.137	0.845	0.146	0.727	1.242	0.152	1.460	0.918	0.546	0.923	0.146	0.835	1.095	0.910	0.214	0.676	1.187	0.146	1.244	0.894	0.479	0.907	0.144	0.914	1.042	0.808	0.147	0.702	1.178	0.147	1.384	0.828	0.507	0.836	0.144	0.844	1.124	0.924	0.147	0.738	1.250	0.165	1.422	0.779	0.507	0.812	0.152	0.872	0.929	1.115	0.160	0.741	1.102	0.153	1.468												
31:40:01													0.842	0.482	1.002	0.147	0.774	1.174	0.939	0.149	0.716	1.243	0.155	1.412	0.830	0.502	0.946	0.158	0.835	1.150	0.852	0.146	0.726	1.258	0.151	1.469	0.921	0.549	0.928	0.147	0.835	1.100	0.915	0.211	0.677	1.190	0.146	1.257	0.904	0.480	0.916	0.144	0.916	1.046	0.815	0.147	0.704	1.180	0.147	1.389	0.829	0.512	0.839	0.144	0.844	1.129	0.930	0.149	0.737	1.266	0.167	1.423	0.781	0.504	0.819	0.152	0.873	0.941	1.120	0.159	0.744	1.104	0.157	1.466												
32:00:01													0.845	0.480	1.011	0.147	0.773	1.179	0.946	0.149	0.714	1.157	0.156	1.416	0.843	0.505	0.952	0.158	0.835	1.156	0.859	0.146	0.725	1.267	0.150	1.473	0.923	0.555	0.934	0.147	0.833	1.110	0.921	0.204	0.678	1.200	0.146	1.264	0.906	0.483	0.923	0.144	0.917	1.052	0.821	0.147	0.705	1.194	0.147	1.392	0.828	0.516	0.842	0.144	0.843	1.131	0.935	0.151	0.735	1.276	0.167	1.435	0.786	0.502	0.825	0.151	0.874	0.950	1.127	0.159	0.745	1.106	0.159	1.466												
32:20:02													0.850	0.479	1.020	0.147	0.772	1.175	0.953	0.149	0.713	1.067	0.156	1.420	0.859	0.508	0.960	0.158	0.835	1.163	0.865	0.146	0.724	1.276	0.150	1.477	0.925	0.562	0.941	0.147	0.835	1.118	0.926	0.198	0.681	1.212	0.146	1.279	0.910	0.489	0.929	0.144	0.917	1.056	0.827	0.147	0.707	1.192	0.146	1.398	0.828	0.524	0.846	0.144	0.844	1.133	0.941	0.151	0.732	1.282	0.168	1.444	0.790	0.500	0.832	0.152	0.874	0.960	1.133	0.159	0.748	1.109	0.158	1.462												
32:40:02													0.854	0.477	1.028	0.147	0.772	1.177	0.960	0.149	0.713	1.069	0.155	1.425	0.867	0.511	0.969	0.158	0.835	1.168	0.872	0.146	0.723	1.284	0.149	1.483	0.928	0.570	0.948	0.146	0.835	1.122	0.931	0.194	0.681	1.219	0.146	1.287	0.911	0.493	0.934	0.144	0.919	1.065	0.832	0.147	0.713	1.196	0.146	1.405	0.829	0.528	0.850	0.144	0.844	1.135	0.947	0.149	0.729	1.286	0.173	1.454	0.796	0.498	0.841	0.152	0.874	0.968	1.140	0.160	0.749	1.113	0.160	1.461												
33:00:02													0.857	0.476	1.036	0.147	0.772	1.180	0.966	0.149	0.714	1.081	0.156	1.429	0.871	0.515	0.979	0.158	0.834	1.169	0.879	0.146	0.722	1.290	0.149	1.487	0.934	0.584	0.954	0.146	0.835	1.131	0.936	0.189	0.683	1.228	0.146	1.297	0.924	0.501	0.939	0.144	0.920	1.066	0.838	0.148	0.715	1.201	0.146	1.417	0.829	0.533	0.854	0.144	0.845	1.135	0.953	0.148	0.726	1.287	0.175	1.462	0.800	0.496	0.846	0.152	0.873	0.974	1.155	0.161	0.751	1.116	0.157	1.451												
33:20:02													0.866	0.478	1.047	0.146	0.774	1.179	0.972	0.148	0.716	1.093	0.155	1.433	0.877	0.527	0.990	0.158	0.836	1.174	0.885	0.146	0.721	1.294	0.149	1.487	0.946	0.603	0.967	0.146	0.839	1.141	0.942	0.185	0.685	1.230	0.146	1.303	0.927	0.514	0.948	0.144	0.926	1.069	0.844	0.149	0.717	1.219	0.146	1.425	0.833	0.544	0.864	0.144	0.847	1.137	0.959	0.147	0.721	1.291	0.172	1.470	0.812	0.496	0.861	0.151	0.876	0.982	1.162	0.161	0.757	1.121	0.156	1.452												
33:40:02													0.860	0.475	1.050	0.147	0.770	1.183	0.976	0.149	0.714	1.105	0.156	1.438	0.872	0.530	0.991	0.158	0.832	1.171	0.891	0.146	0.720	1.295	0.149	1.488	0.948	0.597	0.967	0.147	0.835	1.144	0.946	0.180	0.684	1.235	0.146	1.313	0.934	0.511	0.947	0.144	0.924	1.072	0.849	0.149	0.717	1.232	0.146	1.433	0.826	0.538	0.863	0.144	0.845	1.137	0.963	0.147	0.718	1.292	0.173	1.476	0.804	0.492	0.858	0.152	0.872	0.986	1.163	0.161	0.753	1.126	0.155	1.453												
34:00:02													0.860	0.475	1.054	0.147	0.770	1.185	0.982	0.149	0.715	1.118	0.156	1.442	0.870	0.538	0.998	0.158	0.831	1.175	0.896	0.147	0.718	1.295	0.149	1.488	0.954	0.601	0.973	0.147	0.835	1.149	0.951	0.176	0.685	1.236	0.146	1.321	0.935	0.515	0.952	0.144	0.925	1.076	0.854	0.149	0.716	1.240	0.146	1.440	0.826	0.542	0.869	0.144	0.845	1.139	0.969	0.147	0.714	1.293	0.170	1.482	0.805	0.492	0.863	0.152	0.872	0.992	1.166	0.162	0.753	1.129	0.154	1.466												
34:20:02													0.862	0.475	1.059	0.147	0.769	1.183	0.988	0.149	0.716	1.128	0.156	1.444	0.869	0.545	1.004	0.158	0.831	1.175	0.902	0.147	0.717	1.296	0.149	1.486	0.943	0.604	0.982	0.146	0.835	1.155	0.956	0.172	0.686	1.238	0.146	1.327	0.923	0.519	0.957	0.144	0.926	1.079	0.860	0.149	0.712	1.248	0.146	1.443	0.825	0.548	0.874	0.144	0.844	1.139	0.974	0.147	0.712	1.295	0.160	1.486	0.808	0.491	0.870	0.152	0.873	0.999	1.169	0.162	0.755	1.138	0.152	1.470												
34:40:02													0.865	0.476	1.063	0.147	0.769	1.183	0.993	0.149	0.717	1.139	0.156	1.448	0.867	0.551	1.010	0.158	0.830	1.175	0.908	0.147	0.716	1.296	0.149	1.487	0.930	0.610	0.989	0.147	0.835	1.160	0.960	0.169	0.686	1.241	0.146	1.340	0.920	0.524	0.962	0.145	0.926	1.083	0.865	0.149	0.710	1.254	0.146	1.445	0.826	0.555	0.878	0.144	0.846	1.141	0.980	0.147	0.709	1.294	0.158	1.489	0.811	0.491	0.875	0.152	0.874	1.007	1.171	0.162	0.755	1.142	0.152	1.444												
35:00:02													0.866	0.476	1.067	0.147	0.769	1.182	0.994	0.149	0.718	1.146	0.156	1.452	0.865	0.558	1.016	0.158	0.830	1.178	0.913	0.147	0.715	1.296	0.149	1.489	0.949	0.613	0.995	0.147	0.835	1.167	0.966	0.163	0.689	1.254	0.146	1.348	0.935	0.528	0.965	0.145	0.927	1.086	0.870	0.149	0.709	1.261	0.146	1.450	0.825	0.562	0.882	0.144	0.846	1.142	0.985	0.147	0.708	1.296	0.158	1.491	0.813	0.491	0.882	0.152	0.874	1.013	1.171	0.162	0.754	1.153	0.152	1.392												
35:20:02													0.866	0.477	1.073	0.147	0.768	1.181	0.999	0.149	0.720	1.149	0.156	1.454	0.864	0.565	1.021	0.158	0.829	1.179	0.918	0.147	0.714	1.296	0.149	1.490	0.952	0.617	1.000	0.147	0.836	1.171	0.970	0.156	0.690	1.264	0.146	1.355	0.943	0.534	0.970	0.145	0.927	1.088	0.875	0.149	0.707	1.267	0.146	1.452	0.823	0.568	0.885	0.144	0.846	1.142	0.991	0.147	0.705	1.297	0.157	1.493	0.813	0.491	0.885	0.152	0.874	1.018	1.172	0.162	0.754	1.158	0.152	1.359												
35:40:02													0.874	0.476	1.084	0.147	0.768	1.176	1.011	0.149	0.721	1.149	0.155	1.458	0.862	0.573	1.026	0.158	0.829	1.181	0.923	0.147	0.713	1.298	0.149	1.491	0.951	0.620	1.004	0.147	0.835	1.175	0.975	0.150	0.689	1.272	0.146	1.362	0.943	0.539	0.974	0.144	0.927	1.091	0.880	0.149	0.707	1.272	0.146	1.457	0.823	0.574	0.889	0.144	0.846	1.142	0.996	0.147	0.704	1.296	0.156	1.495	0.814	0.490	0.890	0.152	0.874	1.022	1.171	0.162	0.754	1.157	0.152	1.355												
36:00:02													0.889	0.476	1.087	0.147	0.767	1.180	1.015	0.149	0.722	1.150	0.155	1.460	0.861	0.582	1.033	0.158	0.828	1.181	0.929	0.147	0.713	1.297	0.149	1.492	0.953	0.624	1.008	0.146	0.835	1.178	0.980	0.145	0.688	1.278	0.146	1.369	0.947	0.545	0.979	0.144	0.925	1.094	0.885	0.150	0.706	1.277	0.146	1.462	0.823	0.579	0.893	0.144	0.846	1.142	1.001	0.147	0.702	1.297	0.155	1.497	0.818	0.491	0.896	0.152	0.874	1.026	1.172	0.162	0.754	1.163	0.152	1.363												
36:20:02													0.902	0.476	1.093	0.147	0.767	1.178	1.018	0.149	0.724	1.151	0.155	1.461	0.860	0.590	1.038	0.158	0.828	1.182	0.934	0.147	0.713	1.297	0.149	1.494	0.971	0.627	1.014	0.146	0.835	1.183	0.985	0.145	0.686	1.286	0.146	1.374	0.955	0.550	0.983	0.145	0.925	1.095	0.889	0.150	0.705	1.282	0.146	1.465	0.822	0.584	0.900	0.144	0.846	1.143	1.007	0.147	0.701	1.297	0.155	1.500	0.820	0.492	0.901	0.152	0.874	1.029	1.172	0.162	0.753	1.169	0.152	1.373												
36:40:02													0.913	0.475	1.102	0.147	0.767	1.171	1.024	0.149	0.725	1.150	0.155	1.461	0.859	0.598	1.043	0.158	0.828	1.183	0.939	0.147	0.712	1.296	0.149	1.490	0.967	0.629	1.018	0.146	0.836	1.186	0.989	0.145	0.684	1.291	0.146	1.381	0.962	0.554	0.988	0.145	0.924	1.095	0.894	0.152	0.705	1.285	0.146	1.470	0.822	0.588	0.908	0.144	0.846	1.143	1.012	0.147	0.700	1.300	0.154	1.501	0.822	0.492	0.907	0.152	0.874	1.032	1.172	0.161	0.753	1.173	0.152	1.381												
37:00:02													0.921	0.475	1.107	0.147	0.766	1.165	1.030	0.149	0.727	1.151	0.155	1.460	0.858	0.606	1.048	0.158	0.827	1.184	0.945	0.147	0.712	1.297	0.149	1.493	0.971	0.630	1.023	0.146	0.836	1.189	0.994	0.145	0.683	1.296	0.146	1.386	0.965	0.558	0.992	0.145	0.924	1.098	0.899	0.154	0.705	1.288	0.146	1.476	0.823	0.591	0.917	0.144	0.846	1.144	1.018	0.147	0.700	1.303	0.154	1.500	0.822	0.494	0.911	0.152	0.874	1.035	1.173	0.160	0.754	1.174	0.153	1.391												
37:20:02													0.926	0.474	1.110	0.147	0.766	1.163	1.034	0.149	0.728	1.154	0.155	1.459	0.857	0.612	1.052	0.157	0.827	1.184	0.950	0.147	0.712	1.296	0.149	1.495	0.958	0.631	1.029	0.146	0.836	1.190	0.999	0.145	0.682	1.300	0.146	1.390	0.970	0.563	0.996	0.144	0.923	1.098	0.904	0.155	0.705	1.291	0.146	1.482	0.822	0.593	0.930	0.144	0.847	1.145	1.023	0.147	0.700	1.302	0.153	1.500	0.825	0.495	0.916	0.152	0.875	1.037	1.173	0.159	0.753	1.175	0.154	1.398												
37:40:02													0.929	0.474	1.108	0.147	0.765	1.165	1.040	0.149	0.730	1.157	0.155	1.458	0.857	0.617	1.056	0.158	0.827	1.184	0.955	0.147	0.712	1.294	0.149	1.497	0.955	0.631	1.034	0.146	0.836	1.191	1.004	0.145	0.681	1.304	0.146	1.398	0.973	0.566	1.001	0.145	0.922	1.100	0.908	0.153	0.706	1.293	0.146	1.484	0.824	0.595	0.944	0.144	0.846	1.144	1.028	0.147	0.701	1.303	0.152	1.501	0.833	0.497	0.923	0.152	0.876	1.038	1.174	0.160	0.752	1.175	0.156	1.405												
38:00:02													0.932	0.474	1.113	0.147	0.764	1.171	1.045	0.149	0.731	1.163	0.155	1.459	0.857	0.621	1.060	0.158	0.827	1.183	0.960	0.147	0.712	1.293	0.149	1.496	0.970	0.632	1.039	0.146	0.835	1.193	1.008	0.145	0.680	1.307	0.146	1.402	0.973	0.569	1.006	0.145	0.922	1.099	0.913	0.151	0.706	1.296	0.146	1.487	0.826	0.596	0.948	0.144	0.846	1.144	1.032	0.148	0.700	1.298	0.152	1.500	0.842	0.499	0.927	0.152	0.877	1.042	1.174	0.159	0.752	1.176	0.156	1.414												
38:20:02													0.934	0.473	1.117	0.147	0.764	1.175	1.051	0.149	0.732	1.167	0.155	1.462	0.856	0.623	1.064	0.157	0.827	1.181	0.965	0.147	0.711	1.292	0.149	1.496	0.973	0.632	1.045	0.146	0.835	1.194	1.013	0.145	0.680	1.310	0.146	1.408	0.973	0.572	1.010	0.145	0.922	1.100	0.918	0.151	0.707	1.296	0.146	1.489	0.827	0.598	0.954	0.144	0.846	1.143	1.036	0.148	0.700	1.297	0.152	1.504	0.848	0.500	0.933	0.152	0.877	1.042	1.174	0.159	0.752	1.179	0.156	1.422												
38:40:02													0.937	0.472	1.112	0.147	0.764	1.180	1.062	0.148	0.734	1.170	0.155	1.458	0.855	0.626	1.069	0.158	0.826	1.181	0.970	0.147	0.711	1.291	0.149	1.493	0.980	0.631	1.050	0.146	0.836	1.194	1.017	0.145	0.679	1.312	0.146	1.413	0.974	0.574	1.015	0.145	0.922	1.103	0.923	0.151	0.707	1.296	0.146	1.490	0.828	0.599	0.958	0.144	0.846	1.142	1.040	0.148	0.699	1.297	0.152	1.503	0.855	0.503	0.937	0.152	0.876	1.044	1.174	0.158	0.752	1.176	0.157	1.427												
39:00:02													0.940	0.472	1.127	0.147	0.763	1.184	1.065	0.148	0.736	1.175	0.155	1.461	0.855	0.626	1.073	0.157	0.826	1.180	0.974	0.147	0.710	1.291	0.149	1.494	0.983	0.631	1.056	0.146	0.836	1.194	1.022	0.145	0.680	1.314	0.146	1.418	0.974	0.575	1.019	0.145	0.921	1.099	0.927	0.150	0.707	1.296	0.146	1.492	0.829	0.599	0.963	0.144	0.847	1.141	1.044	0.148	0.699	1.297	0.152	1.502	0.860	0.505	0.942	0.152	0.875	1.045	1.175	0.158	0.752	1.174	0.157	1.427												
39:20:02													0.942	0.472	1.126	0.147	0.762	1.188	1.070	0.148	0.737	1.176	0.155	1.465	0.854	0.627	1.077	0.157	0.827	1.180	0.979	0.147	0.710	1.290	0.149	1.494	0.985	0.631	1.062	0.146	0.835	1.194	1.027	0.145	0.680	1.315	0.146	1.422	0.974	0.576	1.023	0.145	0.920	1.101	0.932	0.150	0.708	1.295	0.146	1.494	0.831	0.600	0.968	0.144	0.847	1.140	1.048	0.148	0.698	1.292	0.152	1.503	0.864	0.508	0.947	0.152	0.875	1.046	1.175	0.158	0.753	1.175	0.157	1.428												
39:40:02													0.943	0.472	1.133	0.147	0.762	1.192	1.069	0.149	0.739	1.178	0.155	1.470	0.853	0.627	1.081	0.157	0.826	1.180	0.984	0.147	0.710	1.289	0.149	1.491	0.986	0.630	1.072	0.146	0.836	1.195	1.030	0.145	0.680	1.315	0.146	1.427	0.974	0.577	1.027	0.145	0.920	1.100	0.936	0.150	0.709	1.295	0.146	1.496	0.832	0.601	0.971	0.144	0.847	1.140	1.051	0.148	0.698	1.294	0.152	1.506	0.868	0.511	0.951	0.152	0.878	1.047	1.175	0.158	0.753	1.172	0.157	1.427												
40:00:02													0.945	0.472	1.136	0.147	0.762	1.197	1.070	0.149	0.741	1.181	0.155	1.471	0.853	0.628	1.085	0.157	0.826	1.179	0.989	0.147	0.710	1.287	0.149	1.490	0.987	0.628	1.081	0.146	0.835	1.194	1.035	0.145	0.681	1.316	0.146	1.435	0.974	0.578	1.031	0.144	0.921	1.101	0.941	0.150	0.709	1.294	0.146	1.498	0.834	0.601	0.976	0.144	0.847	1.138	1.055	0.148	0.698	1.291	0.152	1.505	0.871	0.514	0.956	0.152	0.878	1.047	1.177	0.158	0.754	1.169	0.157	1.427												
40:20:02													0.946	0.471	1.138	0.147	0.762	1.204	1.071	0.148	0.741	1.186	0.155	1.471	0.853	0.627	1.089	0.157	0.827	1.179	0.994	0.147	0.710	1.285	0.149	1.488	0.990	0.628	1.103	0.146	0.836	1.193	1.038	0.145	0.681	1.315	0.146	1.441	0.975	0.578	1.035	0.145	0.921	1.104	0.945	0.150	0.710	1.294	0.146	1.500	0.835	0.601	0.980	0.144	0.847	1.136	1.058	0.148	0.697	1.286	0.152	1.508	0.873	0.517	0.960	0.152	0.878	1.048	1.177	0.157	0.755	1.167	0.157	1.428												
40:40:02													0.947	0.471	1.140	0.147	0.761	1.208	1.071	0.148	0.743	1.190	0.155	1.468	0.853	0.627	1.093	0.157	0.826	1.176	0.999	0.147	0.709	1.283	0.149	1.486	0.992	0.628	1.104	0.146	0.835	1.192	1.042	0.145	0.681	1.314	0.146	1.445	0.977	0.579	1.039	0.145	0.921	1.099	0.949	0.150	0.710	1.293	0.146	1.502	0.836	0.602	0.986	0.144	0.847	1.135	1.061	0.148	0.697	1.287	0.152	1.506	0.876	0.520	0.964	0.152	0.878	1.048	1.177	0.157	0.756	1.166	0.157	1.427												
41:00:02													0.949	0.472	1.139	0.147	0.761	1.212	1.071	0.148	0.744	1.190	0.155	1.472	0.853	0.626	1.097	0.157	0.827	1.175	1.003	0.147	0.710	1.280	0.149	1.484	0.992	0.627	1.107	0.146	0.835	1.192	1.046	0.145	0.681	1.314	0.146	1.448	0.977	0.579	1.042	0.145	0.921	1.101	0.954	0.150	0.710	1.292	0.146	1.504	0.837	0.602	0.991	0.144	0.847	1.130	1.064	0.148	0.697	1.282	0.152	1.508	0.879	0.522	0.968	0.152	0.879	1.049	1.179	0.157	0.757	1.163	0.157	1.426												
41:20:02													0.950	0.472	1.135	0.147	0.760	1.214	1.069	0.148	0.745	1.203	0.155	1.470	0.853	0.626	1.101	0.157	0.827	1.174	1.008	0.147	0.709	1.277	0.149	1.480	0.993	0.626	1.111	0.146	0.835	1.192	1.049	0.145	0.682	1.313	0.146	1.451	0.976	0.579	1.045	0.145	0.921	1.098	0.958	0.150	0.710	1.291	0.146	1.506	0.838	0.602	0.995	0.144	0.847	1.128	1.067	0.148	0.696	1.278	0.152	1.508	0.881	0.524	0.972	0.152	0.879	1.048	1.179	0.157	0.758	1.160	0.157	1.425												
41:40:02													0.951	0.472	1.136	0.146	0.759	1.214	1.068	0.148	0.746	1.191	0.155	1.468	0.853	0.624	1.104	0.157	0.827	1.171	1.012	0.147	0.709	1.275	0.149	1.482	0.994	0.625	1.116	0.147	0.835	1.189	1.053	0.145	0.682	1.312	0.146	1.454	0.976	0.579	1.050	0.145	0.922	1.096	0.962	0.150	0.711	1.290	0.146	1.507	0.838	0.602	1.001	0.144	0.847	1.126	1.071	0.148	0.696	1.272	0.152	1.506	0.884	0.527	0.975	0.151	0.882	1.048	1.180	0.157	0.759	1.157	0.157	1.424												
42:00:02													0.952	0.472	1.142	0.147	0.759	1.210	1.068	0.148	0.747	1.188	0.155	1.471	0.853	0.624	1.107	0.157	0.827	1.170	1.017	0.146	0.709	1.272	0.149	1.477	0.995	0.625	1.122	0.147	0.836	1.189	1.056	0.145	0.682	1.310	0.146	1.455	0.978	0.578	1.053	0.145	0.922	1.093	0.967	0.150	0.711	1.288	0.146	1.509	0.838	0.602	1.003	0.144	0.847	1.124	1.074	0.148	0.696	1.266	0.152	1.506	0.884	0.531	0.979	0.151	0.885	1.046	1.181	0.157	0.761	1.154	0.157	1.424												
42:20:02													0.953	0.473	1.141	0.147	0.758	1.203	1.068	0.148	0.747	1.188	0.155	1.470	0.854	0.624	1.111	0.157	0.827	1.169	1.021	0.147	0.709	1.268	0.149	1.476	0.995	0.624	1.127	0.146	0.835	1.187	1.059	0.145	0.682	1.308	0.146	1.457	0.978	0.578	1.056	0.145	0.921	1.088	0.971	0.150	0.710	1.286	0.146	1.509	0.839	0.602	1.007	0.144	0.847	1.124	1.077	0.148	0.696	1.267	0.152	1.501	0.888	0.533	0.983	0.152	0.883	1.046	1.182	0.157	0.762	1.149	0.157	1.423												
42:40:02													0.953	0.473	1.147	0.147	0.757	1.193	1.067	0.148	0.748	1.188	0.155	1.474	0.855	0.623	1.114	0.157	0.827	1.167	1.025	0.147	0.708	1.265	0.149	1.474	0.994	0.624	1.132	0.146	0.835	1.186	1.062	0.146	0.682	1.307	0.146	1.459	0.978	0.577	1.060	0.145	0.921	1.086	0.975	0.150	0.710	1.285	0.146	1.509	0.840	0.601	1.010	0.144	0.847	1.127	1.080	0.148	0.696	1.268	0.152	1.501	0.889	0.535	0.986	0.152	0.889	1.046	1.183	0.157	0.764	1.147	0.157	1.422												
43:00:02													0.954	0.474	1.149	0.147	0.756	1.178	1.067	0.148	0.748	1.188	0.155	1.484	0.855	0.622	1.117	0.157	0.827	1.165	1.030	0.146	0.708	1.261	0.149	1.476	0.996	0.623	1.139	0.146	0.835	1.186	1.065	0.145	0.682	1.305	0.146	1.462	0.978	0.576	1.063	0.144	0.921	1.086	0.979	0.150	0.710	1.283	0.146	1.510	0.841	0.602	1.016	0.144	0.847	1.129	1.082	0.148	0.695	1.271	0.152	1.499	0.891	0.539	0.989	0.152	0.890	1.045	1.184	0.156	0.765	1.144	0.157	1.421												
43:20:02													0.957	0.482	1.156	0.146	0.760	1.171	1.067	0.148	0.751	1.185	0.156	1.488	0.860	0.626	1.124	0.157	0.831	1.163	1.035	0.146	0.708	1.258	0.149	1.472	1.002	0.627	1.149	0.146	0.840	1.184	1.069	0.146	0.683	1.304	0.146	1.462	0.983	0.581	1.071	0.144	0.925	1.085	0.984	0.150	0.711	1.280	0.146	1.509	0.846	0.609	1.027	0.144	0.850	1.135	1.087	0.148	0.695	1.273	0.152	1.499	0.898	0.548	0.997	0.151	0.899	1.046	1.186	0.157	0.772	1.140	0.156	1.421												
43:40:02													0.955	0.476	1.151	0.147	0.754	1.146	1.065	0.148	0.749	1.183	0.155	1.487	0.856	0.621	1.122	0.157	0.827	1.159	1.038	0.147	0.708	1.253	0.149	1.472	0.996	0.621	1.145	0.146	0.835	1.181	1.071	0.146	0.681	1.302	0.146	1.464	0.977	0.574	1.068	0.144	0.921	1.086	0.987	0.150	0.710	1.277	0.146	1.510	0.840	0.602	1.026	0.144	0.846	1.135	1.089	0.148	0.694	1.280	0.152	1.497	0.894	0.544	0.995	0.152	0.892	1.043	1.187	0.157	0.768	1.139	0.157	1.418												
44:00:02													0.955	0.477	1.150	0.147	0.753	1.130	1.065	0.148	0.750	1.199	0.154	1.482	0.858	0.621	1.125	0.157	0.827	1.158	1.043	0.146	0.707	1.248	0.149	1.471	0.997	0.620	1.150	0.146	0.835	1.179	1.075	0.146	0.681	1.299	0.146	1.466	0.977	0.573	1.072	0.145	0.921	1.088	0.991	0.150	0.709	1.275	0.146	1.510	0.841	0.601	1.031	0.144	0.846	1.139	1.091	0.148	0.693	1.285	0.152	1.494	0.896	0.547	0.999	0.152	0.896	1.044	1.188	0.157	0.770	1.139	0.157	1.419												
44:20:02													0.956	0.479	1.150	0.147	0.751	1.116	1.064	0.148	0.750	1.179	0.154	1.478	0.859	0.620	1.129	0.157	0.828	1.154	1.047	0.146	0.707	1.245	0.149	1.471	0.998	0.619	1.153	0.146	0.835	1.178	1.077	0.145	0.681	1.297	0.146	1.469	0.979	0.572	1.075	0.145	0.920	1.089	0.995	0.150	0.709	1.272	0.146	1.511	0.840	0.601	1.035	0.144	0.845	1.143	1.094	0.148	0.694	1.296	0.152	1.491	0.896	0.551	1.002	0.152	0.896	1.044	1.189	0.156	0.772	1.139	0.157	1.418												
44:40:02													0.956	0.478	1.150	0.147	0.751	1.101	1.063	0.148	0.751	1.178	0.154	1.480	0.860	0.620	1.131	0.157	0.828	1.151	1.052	0.147	0.707	1.240	0.149	1.470	0.997	0.618	1.157	0.147	0.835	1.175	1.080	0.146	0.680	1.294	0.146	1.471	0.980	0.572	1.077	0.145	0.920	1.093	0.999	0.150	0.709	1.270	0.146	1.510	0.841	0.601	1.042	0.144	0.846	1.146	1.098	0.148	0.693	1.303	0.152	1.491	0.899	0.553	1.007	0.152	0.899	1.044	1.192	0.157	0.773	1.139	0.157	1.416												
45:00:02													0.957	0.481	1.151	0.147	0.752	1.090	1.063	0.148	0.751	1.177	0.154	1.478	0.861	0.620	1.133	0.157	0.828	1.149	1.058	0.147	0.707	1.236	0.149	1.468	0.999	0.617	1.160	0.146	0.834	1.173	1.083	0.146	0.680	1.293	0.146	1.472	0.980	0.571	1.081	0.145	0.920	1.094	1.004	0.150	0.709	1.267	0.147	1.510	0.840	0.601	1.047	0.144	0.846	1.151	1.101	0.148	0.693	1.312	0.152	1.488	0.900	0.557	1.009	0.152	0.895	1.042	1.193	0.156	0.775	1.140	0.157	1.416												
45:20:02													0.956	0.482	1.151	0.147	0.751	1.083	1.062	0.148	0.751	1.174	0.154	1.486	0.861	0.619	1.135	0.157	0.828	1.148	1.061	0.147	0.706	1.230	0.149	1.466	0.999	0.616	1.163	0.147	0.834	1.171	1.086	0.146	0.680	1.289	0.146	1.473	0.980	0.570	1.083	0.145	0.920	1.095	1.007	0.150	0.708	1.263	0.147	1.509	0.840	0.601	1.053	0.144	0.845	1.154	1.103	0.149	0.693	1.319	0.152	1.483	0.900	0.560	1.012	0.152	0.899	1.042	1.194	0.157	0.777	1.144	0.157	1.416												
45:40:02													0.956	0.484	1.151	0.147	0.751	1.076	1.061	0.148	0.751	1.171	0.154	1.480	0.861	0.619	1.137	0.157	0.828	1.147	1.065	0.147	0.706	1.224	0.149	1.465	0.999	0.616	1.166	0.147	0.834	1.169	1.089	0.146	0.680	1.287	0.146	1.474	0.981	0.570	1.086	0.145	0.920	1.095	1.011	0.150	0.708	1.261	0.147	1.508	0.840	0.600	1.056	0.144	0.845	1.155	1.105	0.149	0.692	1.326	0.152	1.480	0.902	0.563	1.014	0.152	0.893	1.044	1.196	0.156	0.779	1.145	0.157	1.415												
46:00:02													0.957	0.485	1.151	0.147	0.752	1.074	1.060	0.148	0.751	1.168	0.154	1.485	0.862	0.618	1.137	0.157	0.828	1.147	1.068	0.147	0.706	1.220	0.149	1.464	0.999	0.614	1.170	0.147	0.834	1.164	1.092	0.146	0.679	1.284	0.146	1.475	0.982	0.568	1.087	0.145	0.920	1.099	1.015	0.150	0.708	1.256	0.147	1.507	0.840	0.601	1.060	0.144	0.845	1.156	1.108	0.149	0.692	1.331	0.152	1.476	0.904	0.565	1.017	0.152	0.897	1.044	1.198	0.156	0.780	1.148	0.157	1.416												
46:20:02													0.957	0.487	1.153	0.147	0.752	1.070	1.060	0.148	0.750	1.165	0.154	1.458	0.863	0.617	1.137	0.157	0.828	1.150	1.071	0.147	0.705	1.214	0.149	1.462	0.999	0.613	1.173	0.147	0.834	1.163	1.095	0.146	0.679	1.281	0.146	1.474	0.983	0.568	1.091	0.145	0.920	1.099	1.019	0.150	0.708	1.255	0.147	1.506	0.841	0.599	1.064	0.144	0.845	1.156	1.111	0.148	0.692	1.335	0.152	1.472	0.906	0.567	1.019	0.152	0.897	1.047	1.199	0.156	0.782	1.153	0.157	1.415												
46:40:02													0.957	0.488	1.152	0.147	0.752	1.069	1.059	0.148	0.750	1.163	0.154	1.419	0.863	0.617	1.137	0.157	0.827	1.151	1.073	0.147	0.705	1.210	0.149	1.460	0.999	0.612	1.176	0.146	0.834	1.162	1.097	0.146	0.678	1.278	0.146	1.474	0.984	0.568	1.093	0.145	0.920	1.103	1.023	0.150	0.707	1.250	0.146	1.505	0.839	0.600	1.067	0.144	0.844	1.155	1.115	0.148	0.691	1.335	0.152	1.468	0.907	0.569	1.020	0.152	0.894	1.047	1.200	0.156	0.784	1.160	0.157	1.417												
47:00:02													0.957	0.489	1.153	0.147	0.753	1.068	1.058	0.148	0.750	1.162	0.154	1.388	0.863	0.616	1.138	0.157	0.827	1.151	1.076	0.147	0.704	1.205	0.149	1.460	0.999	0.612	1.178	0.146	0.834	1.159	1.100	0.145	0.678	1.275	0.146	1.475	0.985	0.566	1.096	0.145	0.919	1.108	1.026	0.150	0.707	1.247	0.146	1.504	0.840	0.599	1.072	0.144	0.844	1.153	1.118	0.148	0.691	1.334	0.152	1.465	0.907	0.570	1.022	0.152	0.896	1.047	1.201	0.156	0.785	1.158	0.157	1.417												
47:20:02													0.957	0.490	1.154	0.148	0.753	1.069	1.057	0.148	0.750	1.157	0.154	1.410	0.864	0.616	1.138	0.157	0.827	1.152	1.078	0.147	0.704	1.201	0.149	1.458	0.998	0.611	1.181	0.146	0.833	1.156	1.102	0.145	0.677	1.272	0.146	1.475	0.985	0.566	1.097	0.145	0.919	1.110	1.030	0.150	0.707	1.244	0.146	1.503	0.839	0.598	1.075	0.144	0.844	1.151	1.120	0.148	0.691	1.335	0.152	1.463	0.908	0.571	1.024	0.152	0.899	1.046	1.202	0.156	0.787	1.155	0.157	1.416												
47:40:02													0.957	0.491	1.154	0.149	0.754	1.068	1.056	0.148	0.750	1.156	0.155	1.435	0.863	0.615	1.138	0.157	0.827	1.153	1.081	0.146	0.704	1.197	0.149	1.458	0.999	0.610	1.185	0.146	0.833	1.154	1.105	0.145	0.677	1.268	0.146	1.476	0.986	0.565	1.100	0.145	0.919	1.107	1.034	0.150	0.707	1.240	0.146	1.501	0.840	0.598	1.077	0.144	0.843	1.149	1.121	0.148	0.691	1.335	0.152	1.459	0.909	0.572	1.026	0.152	0.900	1.047	1.203	0.156	0.788	1.152	0.157	1.415												
48:00:02													0.957	0.493	1.153	0.149	0.754	1.065	1.056	0.148	0.749	1.151	0.154	1.409	0.863	0.615	1.139	0.157	0.827	1.154	1.084	0.146	0.703	1.192	0.149	1.457	1.000	0.609	1.189	0.146	0.833	1.150	1.108	0.145	0.676	1.265	0.146	1.475	0.987	0.565	1.102	0.145	0.919	1.104	1.039	0.150	0.706	1.237	0.146	1.500	0.838	0.598	1.080	0.144	0.843	1.146	1.123	0.148	0.690	1.337	0.152	1.456	0.910	0.573	1.026	0.152	0.900	1.050	1.206	0.156	0.789	1.144	0.157	1.415												

