Field Group

Plate Comment:	
Procedure Summary
  Plate Type:              Corning 96 well for LogPhase600
  Plate Number:            1
  Discontinuous Kinetics:  Runtime 02:00:00 (D:HH:MM), Interval 00:20:00 (HH:MM:SS), 145 Reads (max)
  Read:                    600 nm
  Incubator:               On
    Temperature setpoint:  30 °C
    Temperature gradient:  On
  Shaking:                 On
     Shaking frequency:    600 RPMs		
			
			

600

Time	A1	A2	A3	A4	A5	A6	A7	A8	A9	A10	A11	A12	B1	B2	B3	B4	B5	B6	B7	B8	B9	B10	B11	B12	C1	C2	C3	C4	C5	C6	C7	C8	C9	C10	C11	C12	D1	D2	D3	D4	D5	D6	D7	D8	D9	D10	D11	D12	E1	E2	E3	E4	E5	E6	E7	E8	E9	E10	E11	E12	F1	F2	F3	F4	F5	F6	F7	F8	F9	F10	F11	F12	G1	G2	G3	G4	G5	G6	G7	G8	G9	G10	G11	G12	H1	H2	H3	H4	H5	H6	H7	H8	H9	H10	H11	H12
0:00:00													0.154	0.159	0.152	0.149	0.156	0.154	0.151	0.147	0.155	0.153	0.162	0.152	0.161	0.153	0.149	0.149	0.147	0.151	0.151	0.153	0.152	0.159	0.154	0.152	0.153	0.149	0.150	0.155	0.150	0.161	0.153	0.154	0.162	0.153	0.162	0.153	0.163	0.151	0.154	0.153	0.160	0.146	0.156	0.143	0.154	0.163	0.152	0.161	0.152	0.150	0.149	0.150	0.157	0.161	0.155	0.154	0.154	0.159	0.153	0.153	0.149	0.153	0.155	0.149	0.150	0.161	0.149	0.151	0.148	0.155	0.154	0.156												
0:20:00													0.152	0.157	0.150	0.148	0.155	0.153	0.152	0.151	0.154	0.152	0.159	0.151	0.163	0.152	0.148	0.148	0.146	0.149	0.150	0.158	0.153	0.158	0.153	0.153	0.154	0.148	0.151	0.153	0.150	0.161	0.152	0.152	0.168	0.152	0.165	0.151	0.169	0.149	0.152	0.154	0.163	0.146	0.158	0.143	0.154	0.166	0.150	0.157	0.150	0.150	0.150	0.150	0.156	0.162	0.154	0.153	0.153	0.157	0.152	0.151	0.150	0.150	0.153	0.148	0.149	0.170	0.152	0.148	0.148	0.154	0.153	0.154												
0:40:00													0.151	0.155	0.149	0.148	0.152	0.148	0.154	0.149	0.154	0.152	0.158	0.151	0.167	0.151	0.147	0.148	0.147	0.149	0.152	0.162	0.151	0.159	0.152	0.152	0.153	0.148	0.150	0.151	0.151	0.169	0.152	0.152	0.181	0.152	0.169	0.150	0.175	0.148	0.149	0.157	0.168	0.147	0.163	0.145	0.153	0.168	0.150	0.157	0.148	0.150	0.148	0.151	0.155	0.167	0.153	0.153	0.153	0.155	0.152	0.151	0.149	0.144	0.152	0.147	0.148	0.181	0.158	0.153	0.150	0.153	0.152	0.153												
1:00:00													0.150	0.154	0.149	0.147	0.152	0.147	0.154	0.148	0.153	0.152	0.158	0.151	0.169	0.151	0.147	0.148	0.148	0.150	0.151	0.165	0.150	0.158	0.151	0.152	0.153	0.147	0.152	0.151	0.150	0.175	0.152	0.151	0.191	0.151	0.172	0.150	0.182	0.148	0.147	0.159	0.173	0.147	0.163	0.145	0.153	0.171	0.149	0.157	0.147	0.147	0.149	0.152	0.152	0.172	0.154	0.153	0.153	0.154	0.151	0.150	0.149	0.146	0.151	0.148	0.148	0.190	0.160	0.152	0.149	0.152	0.151	0.152												
1:20:00													0.149	0.154	0.150	0.146	0.151	0.146	0.154	0.149	0.153	0.151	0.158	0.151	0.171	0.151	0.148	0.147	0.148	0.150	0.151	0.167	0.150	0.157	0.151	0.151	0.153	0.147	0.152	0.152	0.150	0.181	0.152	0.151	0.202	0.151	0.174	0.149	0.188	0.149	0.148	0.160	0.177	0.149	0.165	0.146	0.152	0.174	0.149	0.156	0.147	0.145	0.148	0.149	0.151	0.177	0.153	0.153	0.153	0.154	0.151	0.150	0.150	0.146	0.151	0.148	0.149	0.202	0.161	0.152	0.149	0.152	0.151	0.151												
1:40:00													0.148	0.153	0.150	0.146	0.150	0.147	0.153	0.149	0.153	0.151	0.157	0.151	0.172	0.150	0.148	0.147	0.148	0.150	0.150	0.171	0.150	0.157	0.150	0.151	0.153	0.146	0.153	0.151	0.149	0.187	0.152	0.150	0.210	0.150	0.179	0.149	0.192	0.150	0.147	0.161	0.181	0.149	0.170	0.145	0.151	0.176	0.148	0.155	0.147	0.145	0.147	0.148	0.150	0.181	0.153	0.153	0.152	0.153	0.152	0.150	0.149	0.146	0.150	0.148	0.149	0.211	0.164	0.152	0.149	0.151	0.151	0.151												
2:00:00													0.148	0.152	0.149	0.145	0.150	0.147	0.153	0.148	0.153	0.151	0.157	0.150	0.174	0.149	0.148	0.147	0.148	0.149	0.150	0.174	0.149	0.156	0.149	0.151	0.153	0.146	0.155	0.150	0.148	0.191	0.151	0.150	0.216	0.150	0.181	0.149	0.197	0.151	0.147	0.164	0.185	0.148	0.174	0.145	0.151	0.178	0.148	0.154	0.146	0.144	0.147	0.148	0.150	0.184	0.153	0.153	0.151	0.153	0.151	0.149	0.149	0.146	0.150	0.148	0.148	0.218	0.167	0.153	0.149	0.151	0.151	0.150												
2:20:00													0.148	0.152	0.148	0.145	0.149	0.147	0.152	0.148	0.153	0.151	0.157	0.150	0.176	0.149	0.149	0.147	0.149	0.149	0.150	0.177	0.149	0.155	0.149	0.150	0.153	0.146	0.156	0.150	0.148	0.195	0.151	0.149	0.221	0.150	0.182	0.148	0.200	0.152	0.147	0.165	0.189	0.148	0.179	0.145	0.150	0.179	0.147	0.154	0.146	0.144	0.147	0.148	0.151	0.189	0.153	0.152	0.151	0.152	0.152	0.149	0.149	0.146	0.150	0.148	0.148	0.224	0.168	0.152	0.149	0.151	0.151	0.149												
2:40:00													0.148	0.151	0.148	0.145	0.149	0.148	0.152	0.148	0.153	0.151	0.157	0.150	0.180	0.149	0.149	0.146	0.149	0.148	0.150	0.178	0.149	0.155	0.149	0.150	0.153	0.146	0.158	0.149	0.148	0.199	0.150	0.149	0.226	0.149	0.185	0.148	0.204	0.153	0.147	0.166	0.191	0.148	0.182	0.145	0.150	0.182	0.147	0.154	0.146	0.145	0.147	0.148	0.151	0.194	0.153	0.152	0.151	0.152	0.151	0.149	0.149	0.146	0.150	0.148	0.149	0.229	0.171	0.152	0.149	0.150	0.151	0.149												
3:00:00													0.149	0.151	0.148	0.145	0.150	0.148	0.152	0.148	0.152	0.150	0.156	0.150	0.181	0.148	0.149	0.146	0.149	0.148	0.149	0.178	0.149	0.155	0.149	0.150	0.154	0.146	0.161	0.149	0.149	0.204	0.150	0.148	0.231	0.149	0.185	0.148	0.206	0.154	0.147	0.167	0.195	0.148	0.186	0.145	0.150	0.185	0.147	0.153	0.147	0.145	0.147	0.148	0.151	0.197	0.153	0.151	0.151	0.151	0.152	0.149	0.150	0.146	0.150	0.147	0.149	0.234	0.172	0.152	0.149	0.150	0.152	0.148												
3:20:00													0.150	0.151	0.149	0.145	0.151	0.148	0.152	0.148	0.153	0.150	0.156	0.150	0.184	0.148	0.150	0.146	0.150	0.148	0.149	0.180	0.149	0.154	0.149	0.150	0.154	0.145	0.164	0.148	0.149	0.207	0.150	0.148	0.234	0.149	0.186	0.148	0.211	0.155	0.147	0.169	0.198	0.147	0.189	0.145	0.150	0.187	0.147	0.153	0.147	0.145	0.148	0.148	0.152	0.200	0.154	0.151	0.150	0.150	0.151	0.148	0.151	0.146	0.151	0.147	0.150	0.238	0.174	0.153	0.149	0.150	0.152	0.148												
3:40:00													0.151	0.151	0.150	0.145	0.152	0.148	0.152	0.147	0.152	0.150	0.155	0.150	0.186	0.148	0.151	0.146	0.152	0.148	0.150	0.180	0.149	0.154	0.149	0.150	0.156	0.145	0.166	0.148	0.150	0.212	0.150	0.148	0.236	0.148	0.188	0.148	0.215	0.156	0.149	0.171	0.200	0.147	0.190	0.145	0.150	0.188	0.147	0.153	0.149	0.145	0.149	0.148	0.153	0.203	0.154	0.151	0.150	0.150	0.151	0.148	0.152	0.147	0.152	0.147	0.151	0.242	0.175	0.153	0.149	0.151	0.151	0.148												
4:00:00													0.153	0.151	0.152	0.144	0.154	0.149	0.152	0.147	0.152	0.151	0.155	0.149	0.188	0.148	0.153	0.146	0.155	0.148	0.149	0.181	0.149	0.154	0.149	0.150	0.159	0.146	0.169	0.148	0.153	0.215	0.150	0.147	0.241	0.148	0.188	0.148	0.218	0.157	0.151	0.171	0.202	0.146	0.191	0.146	0.150	0.188	0.147	0.153	0.151	0.145	0.152	0.148	0.155	0.206	0.155	0.150	0.151	0.149	0.152	0.148	0.156	0.147	0.154	0.147	0.153	0.245	0.177	0.153	0.149	0.151	0.152	0.147												
4:20:00													0.156	0.151	0.155	0.144	0.158	0.149	0.153	0.147	0.152	0.150	0.155	0.149	0.191	0.148	0.157	0.146	0.160	0.148	0.150	0.182	0.149	0.154	0.148	0.150	0.163	0.146	0.171	0.147	0.157	0.218	0.150	0.146	0.244	0.148	0.189	0.147	0.220	0.157	0.154	0.173	0.203	0.146	0.194	0.145	0.150	0.190	0.147	0.153	0.155	0.145	0.156	0.148	0.159	0.209	0.156	0.150	0.151	0.148	0.152	0.148	0.161	0.147	0.158	0.147	0.156	0.248	0.178	0.153	0.149	0.152	0.152	0.147												
4:40:00													0.162	0.151	0.160	0.144	0.164	0.150	0.153	0.147	0.152	0.150	0.155	0.149	0.195	0.148	0.162	0.145	0.167	0.147	0.150	0.182	0.149	0.153	0.148	0.150	0.169	0.146	0.176	0.147	0.162	0.219	0.150	0.146	0.247	0.148	0.188	0.147	0.223	0.158	0.160	0.174	0.207	0.145	0.196	0.145	0.151	0.190	0.147	0.152	0.161	0.145	0.162	0.147	0.164	0.210	0.156	0.150	0.151	0.148	0.151	0.148	0.168	0.147	0.163	0.147	0.162	0.250	0.179	0.153	0.149	0.152	0.152	0.146												
5:00:00													0.169	0.151	0.168	0.144	0.173	0.150	0.153	0.147	0.153	0.150	0.155	0.149	0.203	0.148	0.171	0.145	0.179	0.146	0.150	0.182	0.150	0.153	0.148	0.150	0.179	0.146	0.183	0.147	0.171	0.220	0.151	0.146	0.249	0.148	0.189	0.147	0.228	0.159	0.169	0.175	0.212	0.145	0.197	0.145	0.152	0.190	0.146	0.152	0.170	0.146	0.171	0.147	0.172	0.215	0.158	0.149	0.151	0.147	0.151	0.148	0.179	0.148	0.172	0.147	0.170	0.252	0.181	0.153	0.150	0.152	0.152	0.146												
5:20:00													0.181	0.152	0.180	0.144	0.186	0.151	0.154	0.147	0.153	0.150	0.154	0.149	0.213	0.149	0.184	0.145	0.196	0.146	0.151	0.182	0.150	0.153	0.148	0.150	0.195	0.147	0.193	0.147	0.185	0.221	0.152	0.145	0.250	0.148	0.189	0.147	0.227	0.160	0.181	0.177	0.215	0.145	0.199	0.145	0.153	0.190	0.146	0.152	0.184	0.147	0.185	0.147	0.184	0.217	0.159	0.148	0.152	0.147	0.151	0.147	0.194	0.148	0.184	0.147	0.183	0.253	0.182	0.153	0.150	0.152	0.152	0.146												
5:40:00													0.194	0.153	0.198	0.144	0.203	0.152	0.155	0.147	0.154	0.150	0.154	0.149	0.226	0.149	0.202	0.145	0.220	0.146	0.152	0.183	0.152	0.152	0.148	0.150	0.215	0.148	0.205	0.147	0.204	0.221	0.153	0.145	0.253	0.148	0.190	0.147	0.227	0.161	0.198	0.177	0.220	0.145	0.201	0.144	0.154	0.190	0.146	0.152	0.203	0.148	0.203	0.147	0.200	0.220	0.161	0.148	0.153	0.147	0.151	0.147	0.215	0.149	0.201	0.146	0.200	0.254	0.185	0.152	0.151	0.152	0.152	0.146												
6:00:00													0.217	0.154	0.221	0.144	0.227	0.152	0.156	0.147	0.155	0.150	0.154	0.149	0.243	0.151	0.225	0.145	0.247	0.146	0.154	0.184	0.153	0.152	0.148	0.150	0.243	0.149	0.223	0.147	0.228	0.223	0.155	0.145	0.256	0.148	0.191	0.147	0.236	0.163	0.221	0.178	0.230	0.145	0.204	0.144	0.156	0.191	0.146	0.151	0.227	0.149	0.229	0.146	0.222	0.221	0.163	0.148	0.154	0.146	0.151	0.147	0.244	0.150	0.224	0.146	0.221	0.255	0.187	0.151	0.152	0.152	0.152	0.146												
6:20:00													0.247	0.156	0.251	0.144	0.259	0.152	0.158	0.147	0.157	0.150	0.154	0.149	0.269	0.152	0.255	0.145	0.284	0.146	0.156	0.184	0.156	0.152	0.148	0.150	0.273	0.151	0.246	0.146	0.257	0.224	0.157	0.145	0.258	0.148	0.193	0.146	0.269	0.165	0.250	0.178	0.260	0.145	0.207	0.144	0.158	0.191	0.146	0.151	0.258	0.151	0.260	0.145	0.250	0.223	0.166	0.148	0.157	0.146	0.151	0.147	0.277	0.152	0.253	0.147	0.251	0.257	0.191	0.151	0.154	0.152	0.152	0.146												
6:40:00													0.272	0.159	0.276	0.144	0.286	0.152	0.161	0.147	0.160	0.150	0.154	0.149	0.296	0.155	0.282	0.145	0.316	0.146	0.158	0.186	0.159	0.152	0.147	0.150	0.301	0.154	0.270	0.146	0.285	0.224	0.161	0.144	0.261	0.148	0.192	0.146	0.296	0.167	0.274	0.178	0.288	0.144	0.210	0.144	0.161	0.191	0.145	0.151	0.288	0.153	0.289	0.145	0.277	0.224	0.170	0.147	0.160	0.146	0.151	0.147	0.307	0.153	0.279	0.146	0.275	0.255	0.194	0.151	0.156	0.152	0.152	0.145												
7:00:00													0.307	0.162	0.307	0.144	0.318	0.152	0.165	0.146	0.163	0.150	0.154	0.149	0.329	0.158	0.312	0.145	0.351	0.145	0.162	0.187	0.162	0.152	0.147	0.150	0.334	0.157	0.300	0.145	0.317	0.224	0.164	0.144	0.265	0.148	0.192	0.146	0.330	0.170	0.304	0.179	0.322	0.144	0.214	0.144	0.164	0.192	0.145	0.151	0.320	0.156	0.327	0.145	0.307	0.224	0.173	0.147	0.162	0.146	0.151	0.147	0.339	0.156	0.306	0.146	0.306	0.256	0.198	0.151	0.159	0.151	0.151	0.145												
7:20:00													0.337	0.166	0.344	0.144	0.357	0.152	0.169	0.146	0.167	0.150	0.154	0.149	0.366	0.162	0.348	0.145	0.386	0.145	0.166	0.189	0.167	0.151	0.147	0.150	0.376	0.161	0.334	0.145	0.355	0.226	0.169	0.144	0.270	0.148	0.195	0.146	0.368	0.174	0.338	0.179	0.361	0.144	0.218	0.144	0.169	0.193	0.145	0.151	0.356	0.160	0.364	0.145	0.344	0.225	0.178	0.147	0.166	0.145	0.151	0.147	0.379	0.160	0.343	0.145	0.342	0.256	0.203	0.150	0.163	0.151	0.151	0.145												
7:40:00													0.379	0.172	0.381	0.144	0.400	0.153	0.175	0.147	0.173	0.150	0.154	0.149	0.405	0.167	0.384	0.145	0.417	0.145	0.173	0.190	0.174	0.151	0.147	0.150	0.408	0.168	0.370	0.145	0.393	0.225	0.176	0.144	0.275	0.148	0.194	0.146	0.404	0.178	0.375	0.180	0.404	0.144	0.224	0.144	0.175	0.193	0.145	0.151	0.400	0.166	0.401	0.145	0.382	0.228	0.185	0.146	0.171	0.146	0.151	0.147	0.420	0.164	0.379	0.145	0.378	0.256	0.209	0.150	0.169	0.151	0.151	0.145												
8:00:00													0.415	0.179	0.411	0.144	0.430	0.154	0.183	0.147	0.181	0.150	0.154	0.149	0.434	0.175	0.416	0.144	0.439	0.145	0.182	0.191	0.183	0.152	0.147	0.150	0.433	0.174	0.410	0.145	0.418	0.228	0.186	0.143	0.283	0.148	0.192	0.146	0.436	0.186	0.404	0.181	0.432	0.144	0.234	0.144	0.184	0.194	0.145	0.151	0.432	0.173	0.424	0.145	0.412	0.228	0.194	0.146	0.178	0.146	0.151	0.147	0.452	0.170	0.409	0.145	0.410	0.256	0.217	0.150	0.176	0.151	0.151	0.145												
8:20:00													0.437	0.187	0.430	0.144	0.442	0.153	0.194	0.146	0.193	0.150	0.153	0.149	0.447	0.185	0.433	0.144	0.454	0.145	0.194	0.192	0.194	0.152	0.147	0.150	0.456	0.186	0.438	0.145	0.446	0.228	0.198	0.143	0.292	0.148	0.192	0.145	0.451	0.196	0.425	0.182	0.459	0.144	0.245	0.144	0.197	0.194	0.145	0.151	0.453	0.182	0.445	0.144	0.449	0.229	0.205	0.146	0.188	0.146	0.151	0.147	0.454	0.178	0.433	0.145	0.424	0.255	0.228	0.150	0.187	0.151	0.151	0.145												
8:40:00													0.476	0.199	0.440	0.144	0.452	0.153	0.208	0.146	0.206	0.150	0.153	0.149	0.488	0.197	0.459	0.144	0.481	0.146	0.210	0.193	0.209	0.152	0.147	0.150	0.499	0.200	0.473	0.145	0.476	0.230	0.213	0.143	0.305	0.148	0.197	0.147	0.485	0.207	0.452	0.183	0.496	0.144	0.261	0.144	0.213	0.195	0.145	0.151	0.481	0.194	0.473	0.144	0.494	0.230	0.221	0.146	0.201	0.146	0.151	0.147	0.474	0.187	0.461	0.145	0.444	0.255	0.242	0.149	0.200	0.151	0.150	0.146												
9:00:00													0.507	0.214	0.467	0.144	0.466	0.152	0.227	0.146	0.224	0.150	0.153	0.149	0.527	0.214	0.492	0.144	0.517	0.146	0.231	0.194	0.229	0.152	0.147	0.151	0.528	0.215	0.502	0.145	0.512	0.232	0.234	0.143	0.318	0.148	0.198	0.147	0.516	0.222	0.484	0.184	0.528	0.145	0.276	0.143	0.235	0.195	0.145	0.151	0.507	0.209	0.502	0.144	0.534	0.230	0.241	0.146	0.217	0.146	0.151	0.148	0.503	0.203	0.492	0.145	0.466	0.253	0.260	0.149	0.217	0.152	0.150	0.146												
9:20:00													0.542	0.229	0.492	0.144	0.490	0.153	0.250	0.146	0.248	0.151	0.153	0.150	0.560	0.230	0.519	0.144	0.554	0.147	0.255	0.194	0.256	0.152	0.147	0.152	0.556	0.234	0.528	0.145	0.544	0.234	0.256	0.143	0.330	0.149	0.200	0.147	0.544	0.236	0.513	0.186	0.564	0.145	0.294	0.143	0.262	0.196	0.144	0.151	0.532	0.225	0.532	0.144	0.571	0.229	0.266	0.146	0.241	0.146	0.151	0.148	0.534	0.215	0.534	0.145	0.495	0.251	0.280	0.149	0.239	0.152	0.150	0.146												
9:40:00													0.570	0.244	0.520	0.144	0.518	0.154	0.277	0.146	0.274	0.151	0.153	0.151	0.588	0.245	0.544	0.144	0.584	0.147	0.286	0.195	0.281	0.152	0.146	0.152	0.578	0.252	0.549	0.145	0.569	0.232	0.286	0.143	0.335	0.149	0.198	0.145	0.568	0.249	0.539	0.187	0.590	0.146	0.316	0.143	0.291	0.195	0.144	0.152	0.558	0.240	0.558	0.144	0.600	0.230	0.294	0.146	0.266	0.147	0.151	0.147	0.557	0.230	0.566	0.145	0.524	0.248	0.301	0.149	0.265	0.152	0.150	0.147												
10:00:00													0.595	0.270	0.543	0.144	0.539	0.154	0.301	0.145	0.300	0.152	0.153	0.151	0.608	0.267	0.566	0.144	0.608	0.148	0.310	0.196	0.311	0.152	0.146	0.152	0.602	0.275	0.568	0.144	0.594	0.231	0.313	0.143	0.339	0.151	0.198	0.147	0.588	0.275	0.561	0.190	0.613	0.146	0.338	0.143	0.322	0.196	0.144	0.152	0.578	0.264	0.583	0.144	0.621	0.229	0.326	0.146	0.292	0.148	0.151	0.149	0.588	0.249	0.595	0.145	0.547	0.244	0.321	0.149	0.292	0.152	0.150	0.147												
10:20:00													0.616	0.286	0.567	0.144	0.558	0.152	0.344	0.146	0.340	0.154	0.153	0.153	0.626	0.287	0.584	0.144	0.629	0.149	0.351	0.210	0.344	0.153	0.146	0.154	0.624	0.295	0.585	0.144	0.615	0.215	0.346	0.143	0.364	0.151	0.189	0.147	0.607	0.291	0.581	0.204	0.632	0.148	0.366	0.143	0.362	0.194	0.144	0.152	0.589	0.281	0.601	0.144	0.643	0.213	0.369	0.146	0.321	0.149	0.148	0.147	0.607	0.268	0.620	0.144	0.567	0.227	0.369	0.149	0.320	0.152	0.150	0.148												
10:40:00													0.630	0.308	0.587	0.144	0.568	0.152	0.374	0.145	0.374	0.155	0.153	0.152	0.637	0.294	0.603	0.144	0.648	0.149	0.381	0.212	0.376	0.154	0.146	0.155	0.633	0.303	0.601	0.144	0.633	0.213	0.379	0.143	0.391	0.151	0.188	0.148	0.621	0.305	0.598	0.205	0.651	0.148	0.392	0.143	0.389	0.193	0.144	0.153	0.607	0.291	0.615	0.144	0.659	0.210	0.400	0.146	0.358	0.149	0.147	0.149	0.610	0.284	0.642	0.144	0.584	0.217	0.409	0.149	0.365	0.152	0.150	0.149												
11:00:00													0.643	0.313	0.604	0.144	0.582	0.153	0.412	0.145	0.396	0.157	0.153	0.152	0.647	0.296	0.617	0.144	0.662	0.151	0.399	0.214	0.397	0.156	0.145	0.155	0.646	0.311	0.614	0.144	0.649	0.208	0.395	0.143	0.401	0.151	0.188	0.149	0.625	0.308	0.610	0.205	0.668	0.150	0.407	0.143	0.403	0.191	0.144	0.154	0.617	0.300	0.630	0.144	0.667	0.208	0.417	0.146	0.382	0.151	0.147	0.150	0.610	0.295	0.662	0.144	0.599	0.201	0.427	0.149	0.401	0.153	0.150	0.150												
11:20:00													0.651	0.309	0.616	0.144	0.590	0.156	0.424	0.145	0.411	0.158	0.153	0.154	0.657	0.303	0.632	0.144	0.677	0.152	0.412	0.202	0.409	0.157	0.146	0.155	0.655	0.313	0.628	0.144	0.664	0.219	0.408	0.143	0.418	0.150	0.199	0.150	0.628	0.316	0.623	0.194	0.681	0.150	0.438	0.143	0.419	0.189	0.144	0.155	0.613	0.303	0.641	0.144	0.677	0.214	0.433	0.146	0.399	0.152	0.150	0.148	0.614	0.300	0.679	0.144	0.613	0.189	0.457	0.149	0.410	0.155	0.150	0.151												
11:40:00													0.673	0.323	0.623	0.144	0.595	0.157	0.447	0.145	0.443	0.160	0.153	0.155	0.661	0.306	0.646	0.144	0.688	0.157	0.420	0.203	0.419	0.160	0.146	0.160	0.663	0.317	0.643	0.144	0.678	0.212	0.425	0.143	0.426	0.152	0.199	0.150	0.632	0.315	0.636	0.195	0.693	0.157	0.438	0.143	0.428	0.188	0.144	0.156	0.618	0.308	0.643	0.144	0.685	0.206	0.447	0.146	0.405	0.153	0.150	0.152	0.613	0.304	0.693	0.144	0.625	0.170	0.468	0.149	0.424	0.157	0.150	0.153												
12:00:00													0.675	0.330	0.635	0.144	0.612	0.161	0.446	0.145	0.447	0.163	0.153	0.159	0.668	0.314	0.655	0.144	0.698	0.162	0.441	0.204	0.433	0.161	0.146	0.160	0.666	0.323	0.657	0.144	0.689	0.201	0.437	0.143	0.442	0.154	0.200	0.154	0.636	0.325	0.645	0.196	0.704	0.160	0.457	0.143	0.446	0.187	0.144	0.159	0.618	0.313	0.653	0.144	0.698	0.200	0.462	0.146	0.422	0.156	0.150	0.153	0.617	0.309	0.703	0.144	0.632	0.162	0.485	0.149	0.448	0.160	0.149	0.156												
12:20:00													0.683	0.334	0.647	0.144	0.624	0.166	0.454	0.145	0.454	0.166	0.153	0.162	0.671	0.323	0.662	0.144	0.711	0.162	0.451	0.221	0.443	0.166	0.145	0.160	0.677	0.324	0.663	0.144	0.701	0.186	0.460	0.143	0.459	0.162	0.190	0.156	0.639	0.328	0.656	0.211	0.715	0.161	0.473	0.143	0.458	0.186	0.144	0.160	0.624	0.317	0.666	0.144	0.712	0.188	0.473	0.146	0.435	0.160	0.147	0.152	0.622	0.316	0.716	0.144	0.640	0.165	0.496	0.149	0.462	0.163	0.150	0.160												
12:40:00													0.665	0.341	0.652	0.143	0.619	0.182	0.465	0.146	0.466	0.170	0.152	0.166	0.674	0.321	0.676	0.144	0.724	0.163	0.485	0.207	0.453	0.166	0.146	0.164	0.679	0.330	0.672	0.144	0.709	0.182	0.472	0.142	0.477	0.163	0.199	0.155	0.641	0.328	0.664	0.198	0.724	0.162	0.491	0.143	0.475	0.178	0.144	0.164	0.622	0.322	0.677	0.144	0.718	0.189	0.491	0.146	0.448	0.162	0.150	0.153	0.617	0.323	0.721	0.144	0.651	0.174	0.488	0.149	0.482	0.169	0.149	0.164												
13:00:00													0.669	0.348	0.664	0.143	0.647	0.208	0.475	0.146	0.475	0.183	0.152	0.178	0.678	0.329	0.688	0.144	0.734	0.168	0.514	0.224	0.468	0.169	0.145	0.171	0.689	0.331	0.683	0.144	0.720	0.172	0.492	0.143	0.493	0.167	0.188	0.165	0.642	0.333	0.679	0.214	0.733	0.165	0.498	0.143	0.480	0.177	0.144	0.172	0.625	0.327	0.694	0.144	0.729	0.182	0.502	0.146	0.454	0.166	0.147	0.160	0.621	0.328	0.733	0.144	0.658	0.196	0.501	0.149	0.499	0.182	0.150	0.172												
13:20:00													0.655	0.355	0.676	0.143	0.664	0.217	0.486	0.145	0.485	0.210	0.152	0.186	0.684	0.331	0.699	0.144	0.745	0.173	0.533	0.226	0.491	0.172	0.145	0.189	0.694	0.335	0.691	0.144	0.730	0.172	0.510	0.143	0.512	0.168	0.186	0.181	0.648	0.336	0.688	0.214	0.742	0.166	0.516	0.143	0.495	0.179	0.143	0.185	0.632	0.332	0.707	0.144	0.739	0.200	0.512	0.146	0.470	0.169	0.146	0.171	0.624	0.332	0.748	0.144	0.674	0.214	0.514	0.149	0.516	0.208	0.150	0.194												
13:40:00													0.652	0.353	0.693	0.143	0.667	0.226	0.497	0.145	0.493	0.221	0.152	0.184	0.687	0.333	0.712	0.143	0.757	0.184	0.548	0.212	0.510	0.171	0.145	0.212	0.699	0.339	0.705	0.144	0.741	0.193	0.527	0.142	0.529	0.171	0.195	0.203	0.654	0.335	0.698	0.200	0.750	0.191	0.535	0.143	0.509	0.192	0.143	0.211	0.634	0.332	0.720	0.144	0.749	0.221	0.532	0.146	0.482	0.176	0.149	0.200	0.614	0.332	0.762	0.144	0.693	0.221	0.523	0.149	0.528	0.222	0.149	0.193												
14:00:00													0.664	0.359	0.705	0.143	0.686	0.236	0.507	0.145	0.504	0.234	0.152	0.191	0.702	0.336	0.727	0.143	0.764	0.217	0.560	0.214	0.529	0.178	0.145	0.203	0.705	0.343	0.712	0.144	0.751	0.196	0.542	0.142	0.542	0.207	0.193	0.201	0.663	0.340	0.711	0.201	0.761	0.219	0.547	0.143	0.519	0.191	0.143	0.214	0.639	0.335	0.731	0.144	0.758	0.233	0.549	0.146	0.494	0.200	0.148	0.209	0.626	0.340	0.781	0.144	0.711	0.227	0.534	0.149	0.535	0.229	0.149	0.202												
14:20:00													0.671	0.357	0.731	0.143	0.716	0.249	0.514	0.145	0.509	0.250	0.152	0.212	0.704	0.343	0.737	0.143	0.772	0.244	0.563	0.231	0.542	0.191	0.145	0.210	0.713	0.340	0.724	0.144	0.761	0.224	0.555	0.143	0.553	0.229	0.181	0.209	0.674	0.339	0.725	0.217	0.768	0.231	0.560	0.143	0.534	0.204	0.143	0.221	0.647	0.337	0.741	0.144	0.770	0.246	0.560	0.146	0.509	0.219	0.145	0.214	0.637	0.344	0.794	0.144	0.727	0.239	0.542	0.149	0.537	0.235	0.149	0.228												
14:40:00													0.680	0.351	0.742	0.143	0.727	0.268	0.521	0.145	0.514	0.259	0.152	0.243	0.715	0.345	0.748	0.144	0.778	0.267	0.577	0.232	0.552	0.207	0.145	0.238	0.724	0.346	0.735	0.144	0.768	0.239	0.565	0.143	0.561	0.241	0.181	0.212	0.685	0.338	0.737	0.217	0.773	0.242	0.571	0.143	0.550	0.218	0.143	0.232	0.651	0.342	0.751	0.144	0.779	0.261	0.568	0.146	0.521	0.236	0.145	0.217	0.634	0.348	0.806	0.144	0.741	0.239	0.550	0.149	0.541	0.249	0.149	0.256												
15:00:00													0.675	0.374	0.754	0.143	0.732	0.289	0.528	0.145	0.519	0.277	0.152	0.277	0.731	0.349	0.759	0.143	0.787	0.294	0.584	0.216	0.568	0.232	0.145	0.267	0.727	0.348	0.745	0.144	0.775	0.264	0.576	0.142	0.572	0.257	0.187	0.224	0.695	0.341	0.748	0.202	0.780	0.269	0.580	0.143	0.557	0.245	0.143	0.253	0.663	0.346	0.752	0.144	0.784	0.278	0.574	0.146	0.531	0.268	0.147	0.225	0.640	0.355	0.809	0.144	0.756	0.250	0.560	0.149	0.545	0.262	0.149	0.294												
15:20:00													0.691	0.391	0.758	0.143	0.742	0.314	0.533	0.145	0.526	0.312	0.152	0.323	0.737	0.345	0.767	0.143	0.793	0.321	0.596	0.233	0.577	0.253	0.145	0.304	0.739	0.354	0.757	0.144	0.787	0.285	0.593	0.143	0.578	0.290	0.175	0.252	0.709	0.345	0.758	0.221	0.787	0.290	0.590	0.143	0.566	0.253	0.143	0.282	0.680	0.346	0.761	0.144	0.794	0.296	0.589	0.146	0.541	0.302	0.145	0.251	0.646	0.357	0.825	0.144	0.770	0.268	0.564	0.149	0.549	0.287	0.149	0.330												
15:40:00													0.697	0.362	0.773	0.143	0.750	0.332	0.536	0.145	0.528	0.319	0.152	0.366	0.753	0.351	0.777	0.143	0.802	0.355	0.605	0.234	0.578	0.275	0.145	0.343	0.749	0.353	0.767	0.144	0.798	0.306	0.606	0.143	0.586	0.321	0.173	0.275	0.720	0.349	0.769	0.220	0.796	0.311	0.603	0.143	0.578	0.273	0.143	0.319	0.688	0.347	0.769	0.144	0.803	0.326	0.606	0.146	0.551	0.329	0.145	0.274	0.670	0.363	0.837	0.144	0.785	0.303	0.570	0.149	0.551	0.321	0.149	0.370												
16:00:00													0.711	0.364	0.787	0.143	0.757	0.346	0.542	0.145	0.536	0.353	0.152	0.404	0.756	0.354	0.786	0.143	0.811	0.388	0.614	0.234	0.585	0.293	0.145	0.382	0.759	0.350	0.776	0.144	0.803	0.332	0.623	0.143	0.593	0.356	0.172	0.301	0.739	0.351	0.779	0.220	0.803	0.331	0.617	0.143	0.589	0.293	0.143	0.361	0.700	0.348	0.776	0.144	0.811	0.361	0.623	0.146	0.561	0.358	0.145	0.296	0.677	0.373	0.848	0.144	0.798	0.333	0.578	0.149	0.560	0.346	0.149	0.412												
16:20:01													0.718	0.377	0.798	0.143	0.760	0.360	0.548	0.145	0.543	0.385	0.152	0.443	0.764	0.357	0.794	0.143	0.818	0.420	0.634	0.218	0.593	0.316	0.145	0.415	0.767	0.353	0.784	0.144	0.806	0.358	0.638	0.142	0.604	0.399	0.177	0.324	0.749	0.354	0.787	0.204	0.808	0.360	0.631	0.142	0.597	0.316	0.143	0.391	0.711	0.354	0.785	0.144	0.815	0.397	0.643	0.146	0.571	0.395	0.145	0.321	0.700	0.388	0.859	0.144	0.811	0.357	0.584	0.149	0.562	0.379	0.149	0.460												
16:40:01													0.727	0.381	0.810	0.143	0.767	0.384	0.556	0.145	0.546	0.424	0.152	0.490	0.771	0.358	0.801	0.143	0.824	0.458	0.654	0.218	0.600	0.347	0.145	0.463	0.778	0.355	0.791	0.144	0.812	0.387	0.654	0.143	0.613	0.438	0.174	0.346	0.760	0.358	0.796	0.205	0.812	0.390	0.646	0.142	0.606	0.338	0.143	0.416	0.725	0.358	0.791	0.144	0.819	0.424	0.660	0.146	0.583	0.436	0.145	0.351	0.714	0.397	0.866	0.144	0.823	0.380	0.591	0.149	0.569	0.408	0.149	0.509												
17:00:01													0.732	0.387	0.819	0.143	0.773	0.433	0.575	0.145	0.552	0.446	0.152	0.539	0.777	0.364	0.809	0.143	0.829	0.479	0.672	0.219	0.607	0.381	0.145	0.497	0.787	0.358	0.799	0.144	0.817	0.412	0.667	0.143	0.624	0.473	0.175	0.369	0.770	0.361	0.804	0.205	0.816	0.412	0.661	0.142	0.620	0.364	0.143	0.443	0.736	0.360	0.799	0.144	0.824	0.446	0.676	0.146	0.597	0.475	0.145	0.373	0.722	0.404	0.874	0.144	0.832	0.402	0.601	0.149	0.573	0.452	0.149	0.553												
17:20:01													0.739	0.393	0.829	0.143	0.779	0.464	0.592	0.145	0.560	0.485	0.152	0.593	0.782	0.366	0.816	0.143	0.834	0.498	0.687	0.219	0.615	0.410	0.145	0.537	0.794	0.361	0.804	0.144	0.822	0.426	0.681	0.143	0.633	0.502	0.174	0.398	0.779	0.365	0.809	0.205	0.820	0.434	0.678	0.142	0.624	0.391	0.143	0.474	0.747	0.361	0.808	0.144	0.827	0.463	0.691	0.146	0.614	0.516	0.145	0.403	0.733	0.409	0.881	0.145	0.839	0.400	0.612	0.149	0.577	0.494	0.149	0.597												
17:40:01													0.745	0.398	0.837	0.143	0.784	0.438	0.608	0.145	0.563	0.505	0.152	0.640	0.791	0.369	0.822	0.143	0.838	0.513	0.699	0.219	0.625	0.444	0.145	0.572	0.801	0.367	0.811	0.144	0.826	0.446	0.695	0.143	0.637	0.534	0.173	0.433	0.788	0.368	0.815	0.205	0.827	0.453	0.691	0.142	0.637	0.420	0.143	0.508	0.757	0.366	0.816	0.144	0.832	0.473	0.704	0.146	0.630	0.553	0.145	0.440	0.743	0.413	0.887	0.145	0.844	0.440	0.624	0.149	0.580	0.522	0.149	0.640												
18:00:01													0.753	0.402	0.844	0.143	0.789	0.491	0.620	0.145	0.570	0.544	0.152	0.654	0.798	0.376	0.831	0.143	0.844	0.528	0.716	0.220	0.633	0.475	0.145	0.627	0.805	0.370	0.819	0.144	0.832	0.464	0.706	0.143	0.643	0.542	0.172	0.469	0.799	0.372	0.821	0.205	0.833	0.466	0.706	0.142	0.641	0.450	0.143	0.538	0.763	0.366	0.823	0.144	0.838	0.488	0.716	0.146	0.643	0.585	0.144	0.480	0.753	0.415	0.892	0.145	0.852	0.448	0.640	0.150	0.584	0.549	0.149	0.670												
18:20:01													0.762	0.406	0.851	0.144	0.795	0.492	0.634	0.145	0.574	0.561	0.151	0.656	0.807	0.379	0.838	0.143	0.850	0.542	0.727	0.221	0.642	0.489	0.144	0.670	0.811	0.374	0.827	0.144	0.839	0.481	0.714	0.143	0.650	0.574	0.171	0.511	0.811	0.374	0.827	0.204	0.840	0.480	0.715	0.142	0.649	0.470	0.142	0.577	0.772	0.370	0.831	0.144	0.843	0.505	0.727	0.146	0.653	0.611	0.144	0.520	0.765	0.420	0.900	0.145	0.859	0.471	0.658	0.150	0.590	0.575	0.149	0.693												
18:40:01													0.770	0.410	0.858	0.144	0.804	0.532	0.648	0.145	0.580	0.584	0.152	0.669	0.817	0.382	0.846	0.143	0.856	0.554	0.737	0.221	0.650	0.521	0.144	0.701	0.818	0.374	0.835	0.144	0.844	0.498	0.721	0.143	0.653	0.593	0.172	0.552	0.823	0.377	0.832	0.205	0.847	0.497	0.724	0.142	0.655	0.482	0.142	0.609	0.782	0.373	0.839	0.144	0.849	0.523	0.737	0.146	0.660	0.626	0.144	0.560	0.776	0.422	0.905	0.145	0.866	0.484	0.675	0.150	0.595	0.601	0.149	0.730												
19:00:01													0.780	0.414	0.865	0.144	0.810	0.512	0.660	0.145	0.584	0.613	0.152	0.676	0.825	0.384	0.854	0.143	0.862	0.569	0.744	0.222	0.657	0.543	0.145	0.727	0.825	0.375	0.842	0.144	0.851	0.516	0.728	0.143	0.659	0.597	0.172	0.585	0.837	0.378	0.838	0.205	0.854	0.512	0.732	0.142	0.662	0.504	0.143	0.638	0.788	0.376	0.848	0.145	0.855	0.540	0.745	0.146	0.667	0.638	0.144	0.597	0.786	0.426	0.912	0.145	0.875	0.509	0.696	0.150	0.597	0.603	0.149	0.751												
19:20:01													0.788	0.416	0.871	0.144	0.816	0.558	0.674	0.145	0.592	0.607	0.151	0.699	0.834	0.388	0.863	0.143	0.868	0.581	0.752	0.222	0.663	0.564	0.144	0.769	0.832	0.382	0.849	0.144	0.858	0.528	0.736	0.143	0.664	0.602	0.171	0.622	0.850	0.381	0.845	0.204	0.861	0.531	0.741	0.142	0.667	0.528	0.142	0.670	0.794	0.377	0.856	0.145	0.861	0.558	0.751	0.146	0.672	0.642	0.144	0.634	0.797	0.426	0.918	0.145	0.884	0.529	0.716	0.150	0.607	0.620	0.149	0.777												
19:40:01													0.797	0.421	0.879	0.144	0.823	0.524	0.689	0.145	0.599	0.614	0.151	0.741	0.844	0.388	0.870	0.143	0.874	0.593	0.755	0.222	0.669	0.579	0.144	0.788	0.836	0.382	0.856	0.144	0.862	0.541	0.742	0.143	0.669	0.615	0.171	0.662	0.862	0.384	0.852	0.204	0.868	0.544	0.748	0.142	0.673	0.554	0.143	0.690	0.799	0.381	0.864	0.145	0.867	0.554	0.757	0.147	0.675	0.631	0.144	0.665	0.806	0.430	0.923	0.145	0.894	0.553	0.736	0.150	0.611	0.630	0.149	0.791												
20:00:01													0.805	0.422	0.886	0.144	0.830	0.548	0.708	0.145	0.605	0.648	0.151	0.769	0.855	0.391	0.879	0.143	0.880	0.597	0.762	0.223	0.675	0.597	0.144	0.831	0.843	0.387	0.862	0.144	0.868	0.551	0.749	0.143	0.674	0.636	0.169	0.698	0.873	0.389	0.858	0.203	0.874	0.559	0.755	0.142	0.677	0.601	0.142	0.717	0.802	0.383	0.872	0.145	0.871	0.561	0.764	0.146	0.679	0.630	0.144	0.728	0.815	0.432	0.928	0.145	0.903	0.573	0.757	0.150	0.621	0.639	0.149	0.819												
20:20:01													0.813	0.427	0.892	0.144	0.836	0.562	0.722	0.145	0.619	0.742	0.151	0.808	0.866	0.393	0.886	0.143	0.885	0.595	0.765	0.222	0.681	0.612	0.144	0.850	0.849	0.386	0.868	0.144	0.874	0.567	0.755	0.143	0.680	0.658	0.168	0.759	0.884	0.390	0.865	0.203	0.880	0.570	0.760	0.142	0.682	0.630	0.142	0.745	0.807	0.385	0.880	0.145	0.876	0.580	0.768	0.146	0.683	0.652	0.144	0.761	0.825	0.435	0.934	0.145	0.910	0.584	0.775	0.150	0.625	0.675	0.149	0.862												
20:40:01													0.823	0.430	0.898	0.144	0.842	0.603	0.736	0.145	0.635	0.765	0.151	0.843	0.878	0.396	0.894	0.143	0.890	0.601	0.770	0.222	0.687	0.647	0.144	0.889	0.858	0.390	0.873	0.144	0.879	0.584	0.761	0.143	0.684	0.691	0.169	0.811	0.895	0.394	0.872	0.202	0.887	0.578	0.766	0.142	0.688	0.675	0.143	0.789	0.813	0.388	0.888	0.145	0.881	0.627	0.773	0.146	0.687	0.683	0.144	0.775	0.836	0.439	0.940	0.146	0.917	0.604	0.794	0.150	0.635	0.726	0.149	0.909												
21:00:01													0.832	0.434	0.905	0.144	0.847	0.662	0.752	0.145	0.651	0.774	0.151	0.879	0.888	0.399	0.901	0.143	0.895	0.628	0.778	0.222	0.694	0.688	0.144	0.941	0.865	0.395	0.879	0.144	0.885	0.614	0.767	0.143	0.691	0.731	0.169	0.851	0.902	0.396	0.880	0.200	0.892	0.590	0.772	0.142	0.696	0.730	0.143	0.832	0.820	0.390	0.895	0.145	0.886	0.675	0.778	0.146	0.692	0.724	0.144	0.821	0.845	0.443	0.946	0.145	0.925	0.616	0.813	0.150	0.647	0.769	0.149	0.969												
21:20:01													0.841	0.434	0.912	0.144	0.852	0.683	0.767	0.145	0.669	0.821	0.151	0.917	0.898	0.402	0.907	0.143	0.898	0.657	0.783	0.222	0.700	0.736	0.144	0.973	0.871	0.396	0.885	0.144	0.890	0.648	0.773	0.143	0.696	0.786	0.168	0.914	0.911	0.400	0.888	0.200	0.898	0.614	0.777	0.142	0.704	0.767	0.143	0.862	0.826	0.392	0.902	0.145	0.889	0.711	0.784	0.146	0.697	0.756	0.144	0.868	0.855	0.443	0.951	0.146	0.936	0.667	0.830	0.150	0.655	0.812	0.149	1.012												
21:40:01													0.853	0.443	0.919	0.145	0.862	0.730	0.783	0.144	0.684	0.847	0.151	0.974	0.908	0.404	0.914	0.143	0.901	0.694	0.786	0.239	0.705	0.763	0.144	1.014	0.879	0.400	0.891	0.144	0.896	0.678	0.779	0.143	0.702	0.838	0.163	0.976	0.918	0.402	0.895	0.213	0.903	0.645	0.781	0.142	0.709	0.799	0.143	0.920	0.834	0.394	0.910	0.145	0.894	0.719	0.790	0.146	0.703	0.798	0.144	0.931	0.863	0.444	0.957	0.145	0.950	0.743	0.846	0.150	0.662	0.833	0.149	1.046												
22:00:01													0.862	0.444	0.926	0.145	0.875	0.767	0.798	0.144	0.700	0.903	0.151	1.025	0.918	0.407	0.921	0.143	0.905	0.736	0.791	0.238	0.710	0.799	0.144	1.050	0.885	0.403	0.897	0.144	0.901	0.708	0.785	0.143	0.709	0.863	0.161	1.020	0.927	0.405	0.902	0.210	0.908	0.679	0.786	0.142	0.715	0.832	0.143	0.965	0.841	0.397	0.917	0.145	0.898	0.746	0.795	0.146	0.709	0.836	0.144	0.984	0.872	0.447	0.963	0.145	0.971	0.757	0.859	0.150	0.669	0.867	0.149	1.059												
22:20:01													0.866	0.449	0.932	0.145	0.892	0.834	0.810	0.146	0.713	0.919	0.151	1.068	0.926	0.408	0.929	0.143	0.912	0.753	0.799	0.220	0.721	0.836	0.144	1.079	0.891	0.406	0.903	0.144	0.905	0.733	0.791	0.143	0.712	0.890	0.164	1.081	0.937	0.407	0.908	0.195	0.914	0.703	0.793	0.142	0.722	0.862	0.142	1.007	0.847	0.399	0.923	0.145	0.900	0.778	0.800	0.146	0.718	0.864	0.144	1.029	0.887	0.452	0.969	0.145	0.989	0.839	0.873	0.149	0.683	0.883	0.149	1.080												
22:40:01													0.874	0.452	0.939	0.145	0.902	0.878	0.824	0.145	0.724	0.931	0.151	1.111	0.933	0.410	0.934	0.143	0.915	0.774	0.806	0.217	0.730	0.851	0.144	1.123	0.896	0.409	0.907	0.144	0.909	0.749	0.796	0.143	0.719	0.906	0.163	1.102	0.943	0.408	0.914	0.194	0.919	0.724	0.797	0.142	0.732	0.880	0.143	1.043	0.853	0.400	0.929	0.145	0.904	0.780	0.804	0.146	0.728	0.880	0.144	1.063	0.899	0.456	0.975	0.145	1.000	0.872	0.885	0.149	0.692	0.908	0.149	1.108												
23:00:01													0.887	0.457	0.946	0.145	0.915	0.909	0.837	0.145	0.731	0.960	0.151	1.145	0.940	0.410	0.941	0.143	0.917	0.801	0.812	0.236	0.736	0.865	0.144	1.133	0.902	0.411	0.913	0.144	0.912	0.763	0.801	0.143	0.728	0.920	0.157	1.123	0.947	0.410	0.921	0.206	0.923	0.743	0.802	0.142	0.739	0.905	0.143	1.068	0.859	0.402	0.935	0.145	0.909	0.805	0.810	0.146	0.738	0.927	0.144	1.085	0.909	0.458	0.983	0.145	0.993	0.896	0.898	0.150	0.697	0.926	0.149	1.123												
23:20:01													0.892	0.458	0.952	0.145	0.917	0.922	0.847	0.145	0.741	1.009	0.151	1.190	0.947	0.414	0.946	0.143	0.923	0.822	0.818	0.217	0.746	0.874	0.144	1.157	0.907	0.413	0.918	0.144	0.914	0.778	0.807	0.143	0.739	0.940	0.161	1.139	0.956	0.412	0.927	0.192	0.929	0.761	0.808	0.142	0.742	0.925	0.143	1.093	0.863	0.403	0.940	0.146	0.910	0.821	0.815	0.146	0.746	0.938	0.144	1.105	0.923	0.461	0.993	0.145	0.990	0.917	0.909	0.149	0.710	0.955	0.149	1.145												
23:40:01													0.904	0.462	0.958	0.145	0.910	0.933	0.857	0.145	0.749	1.022	0.152	1.202	0.954	0.417	0.952	0.143	0.925	0.840	0.824	0.217	0.753	0.905	0.144	1.167	0.914	0.416	0.923	0.144	0.915	0.793	0.812	0.143	0.748	0.958	0.159	1.155	0.962	0.414	0.931	0.191	0.935	0.775	0.813	0.142	0.750	0.952	0.143	1.112	0.868	0.404	0.945	0.145	0.914	0.851	0.821	0.146	0.752	0.949	0.144	1.118	0.935	0.462	1.004	0.145	0.992	0.935	0.919	0.149	0.728	1.001	0.149	1.159												
24:00:01													0.913	0.462	0.967	0.145	0.912	0.945	0.867	0.145	0.769	1.062	0.152	1.225	0.960	0.418	0.957	0.143	0.926	0.854	0.830	0.232	0.757	0.954	0.144	1.185	0.917	0.418	0.929	0.144	0.917	0.810	0.818	0.143	0.752	0.975	0.156	1.171	0.966	0.416	0.938	0.201	0.939	0.791	0.816	0.142	0.760	0.966	0.143	1.131	0.873	0.407	0.952	0.145	0.922	0.856	0.828	0.146	0.759	0.982	0.144	1.135	0.940	0.462	1.015	0.145	0.992	0.953	0.928	0.150	0.755	1.059	0.149	1.171												
24:20:01													0.918	0.462	0.973	0.145	0.911	0.959	0.873	0.145	0.784	1.112	0.152	1.245	0.966	0.419	0.963	0.143	0.931	0.877	0.836	0.214	0.765	0.969	0.144	1.200	0.922	0.419	0.933	0.144	0.918	0.827	0.823	0.143	0.758	0.991	0.157	1.190	0.977	0.418	0.942	0.186	0.940	0.809	0.823	0.141	0.765	0.982	0.143	1.150	0.875	0.408	0.956	0.145	0.935	0.866	0.833	0.146	0.764	0.994	0.144	1.148	0.956	0.465	1.026	0.145	0.994	0.970	0.936	0.150	0.773	1.107	0.149	1.191												
24:40:01													0.930	0.461	0.979	0.145	0.917	0.968	0.883	0.145	0.791	1.151	0.152	1.270	0.972	0.420	0.969	0.143	0.935	0.889	0.841	0.229	0.768	0.966	0.144	1.216	0.925	0.422	0.940	0.144	0.922	0.846	0.830	0.143	0.761	1.009	0.154	1.204	0.982	0.421	0.948	0.194	0.941	0.834	0.827	0.142	0.769	1.005	0.143	1.166	0.883	0.410	0.961	0.145	0.947	0.881	0.840	0.147	0.768	1.016	0.144	1.161	0.957	0.464	1.021	0.145	0.994	0.983	0.942	0.150	0.777	1.122	0.149	1.221												
25:00:01													0.939	0.461	0.987	0.145	0.919	0.983	0.891	0.145	0.799	1.156	0.152	1.278	0.979	0.423	0.975	0.143	0.946	0.888	0.847	0.228	0.773	0.989	0.144	1.230	0.930	0.423	0.944	0.145	0.927	0.862	0.836	0.143	0.766	1.025	0.152	1.220	0.988	0.422	0.953	0.191	0.950	0.854	0.834	0.142	0.774	1.020	0.143	1.177	0.889	0.412	0.966	0.145	0.955	0.900	0.847	0.147	0.769	1.033	0.144	1.173	0.965	0.466	1.030	0.145	0.996	0.991	0.948	0.150	0.783	1.142	0.149	1.247												
25:20:01													0.944	0.465	0.995	0.145	0.919	0.991	0.900	0.145	0.804	1.167	0.151	1.302	0.985	0.424	0.981	0.144	0.952	0.908	0.853	0.226	0.778	1.008	0.144	1.247	0.933	0.424	0.949	0.145	0.939	0.880	0.841	0.143	0.770	1.035	0.151	1.234	0.993	0.424	0.957	0.187	0.962	0.872	0.839	0.142	0.778	1.035	0.143	1.200	0.893	0.413	0.972	0.146	0.961	0.927	0.853	0.147	0.773	1.047	0.144	1.190	0.981	0.467	1.045	0.145	0.998	0.997	0.957	0.150	0.788	1.158	0.149	1.264												
25:40:01													0.948	0.466	1.002	0.145	0.919	1.003	0.907	0.145	0.812	1.174	0.151	1.311	0.991	0.428	0.986	0.144	0.958	0.915	0.859	0.209	0.785	1.028	0.145	1.262	0.936	0.425	0.954	0.144	0.946	0.887	0.846	0.143	0.776	1.053	0.151	1.250	1.001	0.427	0.962	0.173	0.967	0.883	0.844	0.142	0.783	1.046	0.143	1.214	0.897	0.415	0.979	0.146	0.964	0.937	0.859	0.146	0.776	1.059	0.144	1.206	1.004	0.470	1.059	0.145	1.000	1.001	0.967	0.150	0.795	1.169	0.149	1.281												
26:00:01													0.958	0.463	1.008	0.145	0.922	1.013	0.916	0.145	0.815	1.181	0.151	1.326	0.998	0.430	0.993	0.144	0.960	0.924	0.866	0.207	0.791	1.048	0.145	1.277	0.940	0.427	0.958	0.144	0.950	0.908	0.852	0.143	0.779	1.063	0.149	1.267	1.007	0.428	0.966	0.170	0.969	0.897	0.849	0.142	0.787	1.060	0.143	1.233	0.903	0.417	0.983	0.146	0.965	0.957	0.865	0.147	0.778	1.071	0.144	1.222	1.028	0.473	1.074	0.146	1.001	1.001	0.976	0.150	0.797	1.168	0.149	1.304												
26:20:01													0.970	0.468	1.016	0.145	0.925	1.019	0.925	0.145	0.814	1.184	0.151	1.338	1.005	0.430	1.000	0.144	0.961	0.938	0.870	0.222	0.793	1.043	0.144	1.287	0.944	0.428	0.964	0.145	0.952	0.909	0.857	0.144	0.782	1.076	0.148	1.276	1.010	0.429	0.972	0.177	0.971	0.912	0.854	0.142	0.791	1.070	0.143	1.248	0.910	0.419	0.988	0.146	0.964	0.953	0.872	0.147	0.780	1.088	0.144	1.232	1.045	0.472	1.087	0.145	1.001	1.001	0.988	0.150	0.795	1.166	0.150	1.328												
26:40:01													0.981	0.469	1.022	0.145	0.928	1.021	0.934	0.145	0.813	1.183	0.151	1.349	1.012	0.430	1.007	0.144	0.961	0.938	0.876	0.218	0.798	1.065	0.144	1.303	0.948	0.430	0.968	0.145	0.952	0.930	0.864	0.144	0.786	1.087	0.148	1.290	1.016	0.430	0.977	0.174	0.973	0.915	0.859	0.142	0.794	1.084	0.143	1.264	0.916	0.419	0.994	0.145	0.963	0.984	0.878	0.147	0.783	1.101	0.144	1.251	1.058	0.474	1.098	0.145	1.002	0.992	1.001	0.150	0.798	1.165	0.150	1.346												
27:00:01													0.996	0.464	1.027	0.145	0.926	1.029	0.937	0.145	0.814	1.187	0.151	1.360	1.019	0.430	1.014	0.145	0.961	0.956	0.883	0.202	0.803	1.078	0.145	1.316	0.949	0.431	0.973	0.145	0.950	0.939	0.868	0.144	0.791	1.096	0.149	1.302	1.026	0.430	0.982	0.164	0.975	0.914	0.866	0.142	0.798	1.094	0.143	1.276	0.921	0.419	0.999	0.146	0.961	0.993	0.883	0.147	0.786	1.107	0.144	1.260	1.064	0.479	1.110	0.145	1.004	0.986	1.012	0.150	0.806	1.164	0.150	1.369												
27:20:01													1.027	0.466	1.035	0.145	0.930	1.031	0.942	0.145	0.809	1.190	0.151	1.372	1.026	0.430	1.022	0.145	0.962	0.970	0.888	0.214	0.804	1.089	0.145	1.329	0.953	0.432	0.978	0.145	0.949	0.949	0.874	0.144	0.792	1.107	0.148	1.313	1.030	0.431	0.986	0.169	0.973	0.921	0.870	0.142	0.800	1.105	0.143	1.287	0.928	0.420	1.004	0.146	0.958	1.012	0.890	0.147	0.789	1.115	0.144	1.279	1.069	0.478	1.120	0.145	1.002	0.954	1.022	0.150	0.805	1.160	0.150	1.376												
27:40:01													1.038	0.471	1.044	0.146	0.931	1.032	0.945	0.145	0.811	1.194	0.151	1.378	1.031	0.431	1.028	0.145	0.962	0.975	0.893	0.212	0.807	1.099	0.145	1.341	0.956	0.433	0.983	0.145	0.947	0.962	0.878	0.144	0.795	1.112	0.148	1.324	1.036	0.432	0.990	0.166	0.972	0.929	0.874	0.142	0.807	1.114	0.143	1.301	0.933	0.420	1.009	0.146	0.956	1.022	0.896	0.147	0.795	1.120	0.144	1.288	1.071	0.480	1.130	0.145	1.003	0.903	1.035	0.150	0.810	1.168	0.150	1.388												
28:00:01													1.047	0.466	1.057	0.145	0.934	1.034	0.950	0.145	0.815	1.192	0.151	1.385	1.040	0.432	1.040	0.145	0.963	0.989	0.900	0.197	0.812	1.111	0.145	1.348	0.961	0.435	0.992	0.145	0.945	0.966	0.884	0.144	0.799	1.123	0.149	1.333	1.054	0.433	0.998	0.157	0.973	0.943	0.880	0.142	0.813	1.114	0.143	1.309	0.944	0.419	1.020	0.145	0.955	1.030	0.902	0.146	0.800	1.135	0.144	1.301	1.081	0.483	1.144	0.145	1.006	0.816	1.046	0.150	0.818	1.151	0.150	1.381												
28:20:01													1.046	0.470	1.065	0.146	0.930	1.034	0.955	0.146	0.815	1.190	0.151	1.401	1.043	0.432	1.043	0.145	0.961	1.000	0.905	0.194	0.819	1.116	0.145	1.358	0.962	0.435	0.993	0.145	0.943	0.971	0.889	0.144	0.802	1.133	0.149	1.343	1.053	0.433	1.000	0.156	0.972	0.953	0.884	0.142	0.815	1.129	0.143	1.322	0.944	0.420	1.021	0.146	0.953	1.037	0.907	0.147	0.806	1.133	0.144	1.314	1.076	0.484	1.151	0.145	1.004	0.839	1.058	0.150	0.827	1.167	0.150	1.411												
28:40:01													1.050	0.474	1.070	0.146	0.931	1.031	0.961	0.146	0.814	1.185	0.151	1.413	1.049	0.432	1.049	0.145	0.961	1.012	0.912	0.189	0.825	1.129	0.146	1.372	0.964	0.436	0.998	0.145	0.942	0.985	0.895	0.144	0.807	1.142	0.149	1.354	1.059	0.433	1.004	0.155	0.972	0.962	0.889	0.142	0.814	1.145	0.143	1.331	0.951	0.420	1.026	0.146	0.951	1.047	0.913	0.147	0.809	1.150	0.144	1.323	1.077	0.483	1.163	0.145	1.004	0.858	1.067	0.150	0.834	1.192	0.150	1.429												
29:00:01													1.054	0.475	1.079	0.146	0.935	1.034	0.971	0.146	0.813	1.192	0.151	1.430	1.053	0.432	1.056	0.145	0.959	1.018	0.917	0.197	0.829	1.145	0.146	1.381	0.968	0.437	1.004	0.145	0.942	0.998	0.900	0.144	0.810	1.147	0.149	1.363	1.064	0.434	1.010	0.156	0.966	0.974	0.893	0.142	0.813	1.157	0.143	1.340	0.957	0.421	1.032	0.145	0.950	1.062	0.919	0.147	0.809	1.161	0.144	1.336	1.075	0.479	1.177	0.145	1.004	0.882	1.082	0.150	0.838	1.182	0.150	1.445												
29:20:01													1.054	0.474	1.072	0.146	0.932	1.019	0.981	0.147	0.820	1.190	0.151	1.442	1.059	0.433	1.062	0.145	0.959	1.044	0.923	0.181	0.832	1.154	0.146	1.392	0.971	0.439	1.009	0.145	0.941	1.007	0.905	0.144	0.812	1.149	0.148	1.372	1.072	0.434	1.014	0.149	0.963	0.979	0.898	0.142	0.813	1.157	0.143	1.351	0.962	0.421	1.036	0.145	0.950	1.076	0.924	0.147	0.811	1.173	0.144	1.343	1.080	0.478	1.190	0.145	1.004	0.901	1.092	0.150	0.836	1.209	0.151	1.460												
29:40:01													1.055	0.471	1.087	0.147	0.932	1.016	0.990	0.146	0.826	1.210	0.151	1.444	1.061	0.433	1.068	0.145	0.958	1.049	0.928	0.176	0.832	1.165	0.147	1.402	0.974	0.440	1.015	0.145	0.940	1.017	0.910	0.144	0.812	1.161	0.149	1.383	1.074	0.435	1.019	0.146	0.964	0.987	0.903	0.142	0.812	1.162	0.143	1.358	0.967	0.421	1.042	0.145	0.950	1.078	0.929	0.147	0.812	1.181	0.145	1.356	1.080	0.477	1.202	0.145	1.004	0.911	1.103	0.150	0.828	1.184	0.151	1.468												
30:00:01													1.055	0.467	1.100	0.147	0.935	1.017	1.003	0.146	0.827	1.206	0.151	1.453	1.063	0.432	1.076	0.145	0.958	1.052	0.932	0.183	0.830	1.176	0.147	1.410	0.979	0.441	1.020	0.145	0.941	1.026	0.915	0.144	0.811	1.168	0.149	1.391	1.073	0.435	1.023	0.144	0.971	0.998	0.906	0.142	0.810	1.177	0.143	1.366	0.974	0.422	1.048	0.146	0.950	1.085	0.936	0.147	0.809	1.192	0.144	1.366	1.077	0.472	1.212	0.145	1.002	0.912	1.114	0.150	0.821	1.055	0.151	1.472												
30:20:01													1.054	0.467	1.112	0.147	0.933	1.005	1.017	0.147	0.818	1.065	0.151	1.468	1.056	0.433	1.081	0.145	0.958	1.054	0.938	0.173	0.830	1.183	0.148	1.419	0.981	0.442	1.027	0.145	0.940	1.032	0.921	0.144	0.812	1.175	0.150	1.398	1.084	0.436	1.028	0.144	0.968	1.003	0.912	0.142	0.809	1.204	0.143	1.375	0.980	0.422	1.053	0.146	0.951	1.091	0.940	0.147	0.809	1.206	0.145	1.371	1.082	0.472	1.222	0.145	1.002	0.914	1.124	0.150	0.820	1.050	0.152	1.476												
30:40:01													1.051	0.464	1.127	0.147	0.933	0.960	1.023	0.147	0.812	1.055	0.151	1.476	1.047	0.433	1.088	0.145	0.957	1.062	0.943	0.171	0.827	1.200	0.149	1.426	0.985	0.443	1.033	0.145	0.940	1.040	0.926	0.144	0.811	1.179	0.147	1.405	1.087	0.436	1.033	0.144	0.971	1.007	0.915	0.142	0.808	1.212	0.143	1.386	0.994	0.422	1.059	0.146	0.952	1.090	0.945	0.147	0.807	1.217	0.145	1.383	1.082	0.470	1.229	0.145	1.002	0.924	1.131	0.150	0.818	1.053	0.152	1.479												
31:00:01													1.050	0.463	1.142	0.147	0.928	0.900	1.036	0.147	0.809	1.067	0.151	1.484	1.037	0.433	1.095	0.145	0.956	1.072	0.948	0.166	0.826	1.213	0.149	1.437	0.988	0.445	1.038	0.145	0.940	1.050	0.931	0.144	0.811	1.190	0.146	1.413	1.089	0.437	1.037	0.144	0.971	1.010	0.919	0.142	0.808	1.221	0.143	1.393	1.005	0.423	1.063	0.146	0.952	1.100	0.951	0.147	0.805	1.231	0.145	1.389	1.082	0.468	1.232	0.145	1.001	0.912	1.139	0.150	0.818	1.057	0.153	1.481												
31:20:01													1.049	0.461	1.155	0.147	0.935	0.881	1.048	0.146	0.807	1.072	0.151	1.493	1.031	0.432	1.102	0.145	0.954	1.081	0.952	0.168	0.823	1.228	0.150	1.446	0.993	0.446	1.044	0.145	0.941	1.056	0.936	0.144	0.809	1.201	0.149	1.418	1.088	0.438	1.042	0.144	0.971	1.016	0.923	0.142	0.807	1.222	0.143	1.397	1.014	0.424	1.068	0.146	0.953	1.099	0.957	0.147	0.803	1.239	0.145	1.401	1.079	0.464	1.233	0.145	0.999	0.912	1.147	0.150	0.818	1.063	0.152	1.482												
31:40:01													1.047	0.458	1.166	0.147	0.932	0.876	1.057	0.146	0.807	1.072	0.151	1.496	1.037	0.433	1.109	0.145	0.953	1.086	0.958	0.162	0.821	1.235	0.152	1.460	0.995	0.448	1.050	0.145	0.941	1.063	0.940	0.144	0.809	1.206	0.148	1.424	1.087	0.439	1.047	0.144	0.969	1.018	0.927	0.143	0.807	1.224	0.143	1.406	1.028	0.425	1.074	0.146	0.952	1.104	0.962	0.147	0.801	1.245	0.145	1.409	1.080	0.462	1.233	0.145	0.998	0.916	1.155	0.150	0.819	1.069	0.153	1.486												
32:00:01													1.044	0.455	1.175	0.147	0.931	0.875	1.070	0.147	0.810	1.072	0.151	1.496	1.045	0.434	1.116	0.145	0.952	1.090	0.963	0.152	0.820	1.245	0.154	1.466	0.997	0.450	1.056	0.146	0.941	1.069	0.944	0.144	0.809	1.213	0.149	1.431	1.083	0.441	1.051	0.144	0.970	1.022	0.930	0.143	0.807	1.226	0.143	1.412	1.036	0.425	1.079	0.146	0.951	1.107	0.966	0.147	0.800	1.251	0.145	1.417	1.082	0.461	1.235	0.145	0.999	0.920	1.160	0.150	0.821	1.075	0.153	1.488												
32:20:01													1.043	0.454	1.182	0.147	0.934	0.886	1.081	0.147	0.811	1.073	0.151	1.493	1.053	0.436	1.122	0.145	0.951	1.095	0.969	0.148	0.818	1.245	0.157	1.471	1.005	0.452	1.063	0.145	0.942	1.074	0.949	0.144	0.808	1.225	0.150	1.438	1.083	0.442	1.055	0.144	0.969	1.027	0.936	0.143	0.807	1.228	0.143	1.422	1.041	0.426	1.084	0.146	0.951	1.108	0.972	0.147	0.798	1.253	0.145	1.424	1.083	0.460	1.235	0.145	0.999	0.927	1.167	0.150	0.823	1.083	0.154	1.491												
32:40:01													1.042	0.453	1.186	0.147	0.928	0.901	1.087	0.147	0.813	1.079	0.151	1.494	1.016	0.438	1.128	0.145	0.950	1.097	0.975	0.145	0.817	1.251	0.160	1.478	1.014	0.455	1.069	0.146	0.942	1.080	0.954	0.144	0.808	1.235	0.150	1.444	1.082	0.444	1.059	0.144	0.970	1.026	0.940	0.144	0.809	1.230	0.143	1.431	1.043	0.427	1.089	0.146	0.950	1.110	0.977	0.147	0.796	1.255	0.145	1.438	1.092	0.458	1.237	0.145	0.998	0.932	1.175	0.150	0.825	1.086	0.154	1.492												
33:00:01													1.040	0.450	1.188	0.147	0.930	0.924	1.096	0.147	0.816	1.083	0.152	1.495	1.065	0.440	1.136	0.145	0.949	1.098	0.980	0.143	0.816	1.254	0.162	1.480	1.020	0.457	1.075	0.146	0.943	1.085	0.960	0.144	0.807	1.244	0.151	1.452	1.073	0.451	1.063	0.144	0.969	1.031	0.944	0.144	0.809	1.229	0.143	1.443	1.044	0.429	1.095	0.146	0.950	1.112	0.982	0.147	0.795	1.255	0.145	1.446	1.098	0.456	1.238	0.145	0.998	0.936	1.189	0.150	0.827	1.080	0.154	1.494												
33:20:01													1.037	0.447	1.188	0.147	0.933	0.943	1.109	0.147	0.817	1.085	0.152	1.495	1.083	0.441	1.141	0.145	0.947	1.100	0.984	0.143	0.814	1.249	0.165	1.485	1.028	0.459	1.081	0.146	0.943	1.089	0.964	0.144	0.807	1.251	0.151	1.461	1.085	0.455	1.066	0.144	0.969	1.033	0.948	0.145	0.811	1.230	0.143	1.448	1.042	0.432	1.100	0.147	0.948	1.113	0.987	0.147	0.794	1.254	0.145	1.454	1.100	0.453	1.239	0.145	0.997	0.940	1.202	0.150	0.828	1.071	0.154	1.495												
33:40:01													1.036	0.446	1.188	0.147	0.939	0.956	1.117	0.147	0.819	1.093	0.152	1.496	1.081	0.444	1.148	0.145	0.946	1.100	0.989	0.143	0.813	1.249	0.169	1.488	1.037	0.462	1.088	0.146	0.943	1.094	0.968	0.144	0.807	1.256	0.152	1.470	1.095	0.460	1.070	0.144	0.969	1.033	0.951	0.145	0.813	1.231	0.143	1.460	1.041	0.434	1.105	0.147	0.947	1.114	0.992	0.147	0.793	1.252	0.145	1.463	1.101	0.451	1.242	0.145	0.997	0.937	1.209	0.150	0.830	1.073	0.154	1.494												
34:00:01													1.034	0.444	1.189	0.147	0.940	0.964	1.125	0.147	0.820	1.093	0.152	1.498	1.086	0.449	1.155	0.145	0.944	1.100	0.993	0.143	0.812	1.248	0.174	1.494	1.045	0.466	1.094	0.146	0.943	1.098	0.973	0.144	0.807	1.262	0.152	1.478	1.097	0.464	1.074	0.145	0.969	1.035	0.954	0.145	0.814	1.233	0.143	1.464	1.040	0.436	1.111	0.147	0.946	1.115	0.996	0.147	0.792	1.251	0.146	1.472	1.101	0.450	1.247	0.146	0.997	0.947	1.214	0.151	0.831	1.071	0.154	1.492												
34:20:01													1.032	0.442	1.190	0.147	0.939	0.971	1.131	0.147	0.822	1.087	0.152	1.500	1.085	0.454	1.161	0.145	0.943	1.101	0.998	0.143	0.811	1.246	0.180	1.504	1.050	0.470	1.101	0.146	0.943	1.103	0.977	0.144	0.808	1.266	0.153	1.481	1.091	0.469	1.078	0.145	0.969	1.035	0.959	0.146	0.815	1.236	0.143	1.467	1.039	0.439	1.116	0.147	0.945	1.117	1.001	0.147	0.791	1.252	0.146	1.477	1.102	0.448	1.251	0.146	0.997	0.938	1.218	0.151	0.832	1.067	0.154	1.498												
34:40:01													1.030	0.438	1.189	0.148	0.934	0.977	1.139	0.147	0.824	1.082	0.152	1.502	1.063	0.461	1.168	0.145	0.942	1.103	1.002	0.143	0.809	1.246	0.188	1.512	1.050	0.474	1.106	0.146	0.944	1.106	0.981	0.144	0.808	1.271	0.152	1.483	1.088	0.474	1.081	0.145	0.969	1.036	0.962	0.147	0.815	1.236	0.143	1.472	1.038	0.441	1.121	0.147	0.943	1.119	1.006	0.147	0.790	1.252	0.146	1.485	1.101	0.446	1.259	0.146	0.996	0.938	1.220	0.150	0.832	1.067	0.154	1.499												
35:00:01													1.029	0.438	1.189	0.148	0.936	0.983	1.145	0.147	0.825	1.087	0.153	1.502	1.084	0.469	1.175	0.145	0.941	1.105	1.007	0.143	0.809	1.246	0.195	1.515	1.051	0.484	1.114	0.146	0.945	1.110	0.986	0.144	0.809	1.275	0.154	1.490	1.089	0.481	1.087	0.145	0.969	1.038	0.967	0.147	0.816	1.236	0.144	1.479	1.037	0.446	1.127	0.147	0.943	1.123	1.011	0.147	0.789	1.254	0.147	1.491	1.103	0.444	1.266	0.146	0.996	0.932	1.222	0.151	0.835	1.073	0.155	1.503												
35:20:01													1.028	0.436	1.190	0.148	0.937	0.990	1.160	0.147	0.825	1.098	0.153	1.505	1.100	0.473	1.183	0.145	0.939	1.107	1.011	0.144	0.807	1.246	0.200	1.518	1.050	0.492	1.118	0.146	0.946	1.114	0.991	0.145	0.809	1.277	0.156	1.494	1.095	0.489	1.091	0.146	0.969	1.038	0.969	0.149	0.814	1.238	0.144	1.485	1.035	0.451	1.133	0.147	0.943	1.126	1.017	0.147	0.788	1.255	0.147	1.495	1.102	0.439	1.269	0.146	0.996	0.934	1.224	0.151	0.833	1.080	0.155	1.506												
35:40:02													1.026	0.432	1.189	0.148	0.936	0.994	1.165	0.147	0.828	1.089	0.153	1.505	1.110	0.486	1.188	0.145	0.940	1.110	1.016	0.143	0.807	1.246	0.202	1.517	1.048	0.499	1.127	0.146	0.946	1.116	0.995	0.144	0.810	1.277	0.157	1.496	1.099	0.494	1.094	0.146	0.970	1.040	0.975	0.149	0.814	1.239	0.144	1.488	1.034	0.454	1.138	0.147	0.941	1.127	1.021	0.147	0.789	1.253	0.148	1.499	1.106	0.440	1.272	0.146	0.998	0.929	1.222	0.151	0.836	1.080	0.156	1.516												
36:00:01													1.025	0.432	1.188	0.148	0.935	0.998	1.174	0.147	0.829	1.092	0.154	1.510	1.125	0.493	1.193	0.145	0.939	1.112	1.021	0.143	0.805	1.245	0.203	1.518	1.047	0.507	1.134	0.146	0.946	1.119	0.999	0.144	0.811	1.277	0.158	1.499	1.102	0.501	1.097	0.146	0.970	1.040	0.978	0.151	0.813	1.237	0.144	1.490	1.032	0.459	1.142	0.147	0.939	1.128	1.026	0.147	0.788	1.254	0.148	1.502	1.107	0.438	1.273	0.147	0.998	0.930	1.223	0.151	0.837	1.079	0.157	1.522												
36:20:02													1.024	0.429	1.190	0.149	0.937	1.003	1.174	0.147	0.830	1.087	0.154	1.509	1.130	0.503	1.195	0.145	0.938	1.114	1.025	0.143	0.804	1.245	0.204	1.518	1.045	0.515	1.139	0.147	0.947	1.121	1.003	0.145	0.811	1.277	0.160	1.501	1.101	0.508	1.101	0.147	0.970	1.041	0.982	0.152	0.813	1.236	0.144	1.492	1.030	0.465	1.149	0.147	0.939	1.129	1.031	0.147	0.788	1.254	0.149	1.505	1.108	0.436	1.274	0.147	0.999	0.925	1.222	0.151	0.839	1.084	0.157	1.524												
36:40:02													1.023	0.425	1.190	0.149	0.938	1.008	1.177	0.147	0.831	1.092	0.155	1.507	1.134	0.509	1.199	0.145	0.937	1.115	1.030	0.143	0.803	1.246	0.204	1.516	1.043	0.523	1.146	0.147	0.947	1.122	1.007	0.145	0.810	1.278	0.162	1.506	1.099	0.513	1.105	0.147	0.971	1.042	0.986	0.154	0.812	1.238	0.144	1.496	1.029	0.469	1.156	0.147	0.938	1.131	1.036	0.147	0.787	1.252	0.149	1.508	1.109	0.434	1.276	0.147	1.000	0.925	1.221	0.151	0.839	1.076	0.157	1.528												
37:00:02													1.021	0.426	1.190	0.149	0.943	1.012	1.180	0.147	0.831	1.090	0.155	1.508	1.137	0.516	1.202	0.145	0.937	1.117	1.034	0.143	0.802	1.245	0.204	1.515	1.042	0.533	1.153	0.147	0.947	1.122	1.011	0.145	0.809	1.278	0.166	1.513	1.097	0.518	1.109	0.148	0.972	1.043	0.989	0.155	0.812	1.237	0.144	1.499	1.027	0.473	1.160	0.147	0.937	1.130	1.042	0.147	0.786	1.252	0.150	1.510	1.109	0.432	1.278	0.147	1.001	0.919	1.221	0.151	0.839	1.072	0.157	1.532												
37:20:02													1.022	0.426	1.193	0.149	0.945	1.013	1.185	0.147	0.837	1.077	0.156	1.505	1.140	0.530	1.217	0.145	0.937	1.117	1.039	0.143	0.801	1.245	0.205	1.512	1.042	0.550	1.160	0.147	0.948	1.122	1.016	0.145	0.809	1.276	0.170	1.520	1.101	0.529	1.116	0.148	0.973	1.044	0.992	0.158	0.813	1.236	0.145	1.501	1.028	0.486	1.170	0.147	0.938	1.133	1.047	0.147	0.785	1.249	0.150	1.514	1.111	0.430	1.284	0.147	1.003	0.901	1.221	0.151	0.842	1.059	0.158	1.530												
37:40:02													1.019	0.421	1.191	0.149	0.941	1.022	1.184	0.147	0.834	1.085	0.157	1.506	1.139	0.526	1.215	0.145	0.935	1.117	1.044	0.143	0.800	1.244	0.205	1.512	1.038	0.546	1.161	0.147	0.948	1.121	1.019	0.145	0.808	1.277	0.175	1.529	1.100	0.525	1.116	0.149	0.972	1.044	0.997	0.159	0.811	1.229	0.145	1.509	1.024	0.481	1.167	0.147	0.935	1.133	1.051	0.147	0.786	1.250	0.151	1.519	1.109	0.428	1.284	0.147	1.004	0.913	1.220	0.151	0.841	1.068	0.158	1.517												
38:00:02													1.018	0.419	1.191	0.150	0.944	1.022	1.183	0.147	0.836	1.080	0.158	1.502	1.140	0.532	1.224	0.145	0.935	1.118	1.049	0.143	0.800	1.243	0.205	1.512	1.036	0.553	1.168	0.147	0.949	1.121	1.024	0.145	0.807	1.276	0.181	1.532	1.093	0.529	1.120	0.150	0.973	1.044	1.000	0.161	0.811	1.234	0.145	1.516	1.023	0.484	1.174	0.147	0.935	1.133	1.056	0.147	0.785	1.248	0.152	1.524	1.109	0.427	1.285	0.148	1.005	0.906	1.220	0.152	0.842	1.061	0.158	1.494												
38:20:02													1.017	0.417	1.194	0.150	0.947	1.018	1.185	0.147	0.837	1.076	0.158	1.500	1.140	0.534	1.228	0.145	0.934	1.117	1.054	0.143	0.799	1.243	0.205	1.512	1.034	0.556	1.176	0.147	0.949	1.121	1.028	0.145	0.807	1.275	0.185	1.535	1.094	0.531	1.124	0.151	0.973	1.043	1.003	0.165	0.811	1.231	0.145	1.522	1.022	0.486	1.177	0.147	0.935	1.133	1.061	0.148	0.785	1.247	0.153	1.528	1.109	0.426	1.287	0.148	1.006	0.905	1.220	0.152	0.842	1.051	0.158	1.435												
38:40:02													1.016	0.417	1.196	0.150	0.955	1.017	1.185	0.148	0.837	1.081	0.159	1.497	1.139	0.538	1.236	0.145	0.934	1.116	1.060	0.143	0.798	1.239	0.204	1.511	1.031	0.560	1.186	0.148	0.949	1.120	1.031	0.146	0.807	1.275	0.187	1.538	1.093	0.532	1.127	0.153	0.973	1.044	1.006	0.171	0.811	1.226	0.146	1.528	1.020	0.488	1.182	0.148	0.934	1.133	1.066	0.148	0.784	1.246	0.155	1.532	1.109	0.424	1.289	0.148	1.008	0.900	1.219	0.152	0.843	1.036	0.158	1.409												
39:00:02													1.016	0.418	1.198	0.151	0.956	1.018	1.186	0.148	0.839	1.080	0.159	1.495	1.139	0.540	1.250	0.145	0.933	1.117	1.065	0.143	0.798	1.240	0.204	1.511	1.030	0.562	1.193	0.148	0.950	1.119	1.035	0.146	0.807	1.274	0.189	1.540	1.095	0.533	1.131	0.154	0.973	1.044	1.009	0.174	0.810	1.230	0.146	1.533	1.018	0.491	1.183	0.148	0.933	1.133	1.071	0.148	0.784	1.244	0.157	1.534	1.110	0.423	1.291	0.148	1.009	0.896	1.219	0.152	0.843	1.033	0.158	1.407												
39:20:02													1.015	0.418	1.201	0.151	0.955	1.018	1.186	0.148	0.840	1.078	0.159	1.496	1.139	0.542	1.256	0.145	0.933	1.117	1.070	0.143	0.797	1.238	0.204	1.510	1.028	0.563	1.199	0.148	0.950	1.118	1.040	0.146	0.806	1.273	0.190	1.540	1.096	0.534	1.135	0.156	0.973	1.045	1.012	0.176	0.810	1.226	0.147	1.537	1.017	0.492	1.188	0.148	0.933	1.131	1.076	0.148	0.784	1.242	0.161	1.535	1.110	0.421	1.293	0.148	1.010	0.884	1.218	0.152	0.844	1.030	0.158	1.413												
39:40:02													1.014	0.417	1.205	0.151	0.957	1.024	1.187	0.149	0.840	1.067	0.160	1.497	1.139	0.543	1.258	0.145	0.932	1.117	1.074	0.143	0.796	1.238	0.204	1.510	1.025	0.564	1.205	0.149	0.950	1.118	1.043	0.147	0.805	1.272	0.190	1.541	1.096	0.535	1.140	0.157	0.974	1.044	1.016	0.180	0.809	1.225	0.148	1.539	1.015	0.493	1.192	0.148	0.932	1.131	1.080	0.148	0.783	1.242	0.164	1.536	1.110	0.420	1.297	0.149	1.012	0.879	1.218	0.153	0.845	1.022	0.158	1.422												
40:00:02													1.014	0.416	1.209	0.152	0.959	1.023	1.185	0.149	0.842	1.069	0.160	1.497	1.138	0.545	1.261	0.145	0.931	1.115	1.079	0.143	0.796	1.235	0.204	1.509	1.024	0.564	1.209	0.149	0.950	1.118	1.047	0.147	0.805	1.271	0.191	1.541	1.097	0.535	1.145	0.159	0.974	1.043	1.019	0.184	0.808	1.218	0.148	1.539	1.014	0.495	1.199	0.148	0.932	1.130	1.084	0.148	0.783	1.237	0.166	1.535	1.111	0.419	1.300	0.149	1.012	0.869	1.218	0.153	0.845	1.021	0.158	1.427												
40:20:02													1.014	0.416	1.219	0.152	0.958	1.024	1.185	0.149	0.842	1.070	0.160	1.499	1.137	0.546	1.265	0.146	0.931	1.115	1.083	0.143	0.795	1.232	0.204	1.508	1.022	0.564	1.218	0.150	0.950	1.117	1.052	0.148	0.805	1.269	0.191	1.542	1.097	0.536	1.153	0.161	0.974	1.043	1.022	0.191	0.808	1.215	0.150	1.540	1.012	0.497	1.209	0.148	0.931	1.131	1.087	0.148	0.782	1.230	0.168	1.534	1.111	0.418	1.303	0.149	1.014	0.866	1.218	0.154	0.847	1.016	0.158	1.437												
40:40:02													1.013	0.429	1.227	0.153	0.961	1.025	1.185	0.150	0.843	1.069	0.160	1.502	1.135	0.547	1.268	0.146	0.931	1.114	1.086	0.143	0.794	1.231	0.204	1.507	1.020	0.564	1.223	0.150	0.949	1.116	1.055	0.148	0.805	1.268	0.191	1.541	1.099	0.535	1.157	0.164	0.974	1.043	1.025	0.195	0.807	1.214	0.151	1.540	1.011	0.498	1.222	0.149	0.931	1.129	1.091	0.148	0.782	1.233	0.169	1.534	1.111	0.417	1.306	0.149	1.015	0.859	1.217	0.154	0.848	1.015	0.158	1.445												
41:00:02													1.013	0.436	1.232	0.155	0.966	1.026	1.184	0.150	0.843	1.071	0.160	1.503	1.136	0.546	1.271	0.146	0.930	1.114	1.091	0.143	0.794	1.229	0.203	1.504	1.019	0.564	1.224	0.151	0.949	1.115	1.059	0.149	0.804	1.266	0.191	1.540	1.101	0.535	1.160	0.174	0.974	1.043	1.028	0.200	0.806	1.206	0.152	1.539	1.010	0.499	1.230	0.149	0.930	1.127	1.094	0.149	0.782	1.229	0.170	1.534	1.111	0.416	1.310	0.150	1.016	0.850	1.217	0.155	0.850	1.014	0.158	1.452												
41:20:02													1.013	0.442	1.234	0.155	0.963	1.023	1.184	0.151	0.844	1.074	0.160	1.502	1.135	0.547	1.275	0.146	0.930	1.111	1.095	0.143	0.793	1.225	0.203	1.503	1.017	0.563	1.229	0.152	0.948	1.113	1.064	0.150	0.805	1.264	0.191	1.539	1.102	0.535	1.163	0.179	0.974	1.042	1.030	0.204	0.806	1.205	0.153	1.539	1.008	0.500	1.235	0.149	0.929	1.126	1.099	0.149	0.781	1.227	0.170	1.534	1.111	0.416	1.312	0.150	1.018	0.846	1.217	0.156	0.851	1.011	0.158	1.446												
41:40:02													1.012	0.449	1.235	0.157	0.963	1.024	1.181	0.152	0.845	1.078	0.160	1.503	1.134	0.547	1.277	0.147	0.930	1.111	1.099	0.143	0.793	1.222	0.203	1.501	1.016	0.563	1.230	0.153	0.947	1.111	1.067	0.151	0.803	1.262	0.191	1.538	1.104	0.534	1.165	0.182	0.974	1.041	1.033	0.214	0.805	1.206	0.154	1.538	1.007	0.502	1.237	0.150	0.929	1.127	1.102	0.149	0.780	1.224	0.171	1.533	1.112	0.415	1.315	0.151	1.019	0.842	1.218	0.156	0.853	1.004	0.158	1.451												
42:00:02													1.012	0.456	1.236	0.158	0.973	1.020	1.181	0.152	0.846	1.075	0.160	1.506	1.133	0.547	1.278	0.147	0.929	1.108	1.103	0.143	0.792	1.219	0.203	1.500	1.014	0.562	1.236	0.154	0.945	1.109	1.071	0.152	0.803	1.260	0.191	1.537	1.106	0.534	1.168	0.186	0.974	1.039	1.037	0.220	0.805	1.202	0.154	1.538	1.005	0.504	1.239	0.150	0.928	1.125	1.105	0.149	0.780	1.219	0.171	1.532	1.112	0.415	1.319	0.151	1.020	0.835	1.217	0.157	0.854	0.997	0.158	1.448												
42:20:02													1.012	0.465	1.238	0.159	0.971	1.018	1.180	0.154	0.846	1.082	0.160	1.506	1.132	0.547	1.278	0.147	0.929	1.107	1.107	0.144	0.792	1.216	0.203	1.498	1.013	0.562	1.242	0.155	0.945	1.107	1.073	0.153	0.803	1.257	0.191	1.536	1.108	0.534	1.169	0.190	0.974	1.038	1.040	0.230	0.804	1.199	0.154	1.536	1.004	0.505	1.241	0.151	0.928	1.124	1.109	0.150	0.780	1.213	0.171	1.532	1.112	0.415	1.322	0.152	1.021	0.829	1.217	0.158	0.856	0.998	0.157	1.444												
42:40:02													1.011	0.475	1.240	0.162	0.974	1.016	1.179	0.154	0.847	1.079	0.160	1.501	1.131	0.546	1.276	0.147	0.928	1.108	1.111	0.144	0.792	1.213	0.203	1.495	1.011	0.562	1.251	0.157	0.944	1.106	1.076	0.155	0.802	1.255	0.191	1.533	1.109	0.534	1.170	0.193	0.975	1.037	1.042	0.238	0.803	1.202	0.155	1.536	1.002	0.507	1.243	0.152	0.927	1.122	1.112	0.150	0.779	1.212	0.171	1.531	1.112	0.415	1.326	0.152	1.022	0.825	1.216	0.159	0.858	0.988	0.157	1.445												
43:00:02													1.011	0.485	1.242	0.165	0.980	1.009	1.180	0.156	0.847	1.075	0.160	1.497	1.129	0.547	1.275	0.148	0.928	1.104	1.114	0.144	0.792	1.211	0.203	1.494	1.010	0.561	1.256	0.158	0.942	1.104	1.078	0.157	0.801	1.252	0.191	1.535	1.111	0.534	1.172	0.196	0.975	1.037	1.046	0.246	0.803	1.196	0.155	1.536	1.001	0.508	1.248	0.153	0.927	1.120	1.116	0.151	0.779	1.212	0.171	1.530	1.113	0.417	1.329	0.152	1.023	0.821	1.215	0.160	0.859	0.981	0.157	1.445												
43:20:02													1.011	0.494	1.244	0.168	0.980	1.007	1.181	0.158	0.848	1.079	0.160	1.499	1.129	0.546	1.274	0.148	0.928	1.104	1.118	0.144	0.792	1.204	0.202	1.489	1.009	0.561	1.258	0.160	0.942	1.102	1.081	0.159	0.800	1.249	0.191	1.533	1.112	0.533	1.173	0.198	0.975	1.036	1.048	0.252	0.802	1.195	0.155	1.535	1.000	0.509	1.250	0.154	0.926	1.117	1.119	0.151	0.778	1.204	0.171	1.529	1.113	0.418	1.329	0.153	1.024	0.818	1.216	0.161	0.861	0.969	0.157	1.442												
43:40:02													1.010	0.504	1.246	0.170	0.982	1.000	1.178	0.159	0.849	1.080	0.160	1.505	1.127	0.547	1.275	0.149	0.927	1.101	1.121	0.144	0.792	1.203	0.202	1.484	1.007	0.560	1.261	0.162	0.940	1.099	1.084	0.164	0.799	1.246	0.191	1.532	1.112	0.533	1.173	0.201	0.975	1.035	1.050	0.262	0.801	1.195	0.155	1.534	0.998	0.510	1.249	0.155	0.926	1.114	1.122	0.152	0.778	1.199	0.171	1.524	1.112	0.420	1.330	0.153	1.026	0.815	1.216	0.163	0.863	0.959	0.157	1.440												
44:00:02													1.010	0.514	1.248	0.171	0.980	0.993	1.179	0.161	0.848	1.070	0.160	1.510	1.126	0.546	1.269	0.150	0.927	1.101	1.124	0.144	0.791	1.198	0.202	1.482	1.006	0.559	1.262	0.164	0.940	1.097	1.085	0.174	0.799	1.243	0.191	1.528	1.113	0.533	1.173	0.205	0.975	1.034	1.052	0.267	0.801	1.192	0.155	1.531	0.998	0.511	1.249	0.156	0.925	1.111	1.126	0.153	0.777	1.195	0.171	1.526	1.112	0.423	1.333	0.153	1.027	0.813	1.215	0.165	0.865	0.939	0.157	1.438												
44:20:02													1.009	0.524	1.250	0.172	0.984	0.987	1.181	0.163	0.850	1.060	0.160	1.512	1.125	0.546	1.276	0.151	0.926	1.096	1.127	0.144	0.791	1.195	0.202	1.478	1.005	0.559	1.264	0.167	0.939	1.095	1.088	0.179	0.798	1.240	0.191	1.529	1.113	0.532	1.173	0.208	0.975	1.032	1.054	0.288	0.800	1.192	0.155	1.528	0.997	0.512	1.246	0.158	0.924	1.109	1.129	0.154	0.776	1.190	0.171	1.524	1.112	0.431	1.337	0.154	1.029	0.812	1.215	0.167	0.867	0.932	0.157	1.439												
44:40:02													1.009	0.534	1.253	0.172	0.988	0.974	1.179	0.166	0.851	1.048	0.160	1.520	1.125	0.546	1.271	0.151	0.926	1.097	1.130	0.144	0.791	1.192	0.202	1.474	1.004	0.558	1.265	0.171	0.938	1.093	1.090	0.181	0.798	1.236	0.190	1.528	1.113	0.532	1.174	0.212	0.975	1.032	1.056	0.295	0.799	1.190	0.155	1.527	0.996	0.513	1.246	0.160	0.923	1.105	1.133	0.155	0.776	1.188	0.171	1.521	1.112	0.449	1.340	0.154	1.030	0.812	1.214	0.170	0.869	0.919	0.157	1.435												
45:00:02													1.010	0.544	1.255	0.173	0.987	0.971	1.178	0.170	0.851	1.053	0.160	1.522	1.124	0.546	1.271	0.153	0.926	1.092	1.134	0.145	0.791	1.192	0.202	1.471	1.003	0.558	1.266	0.179	0.938	1.091	1.093	0.182	0.798	1.233	0.190	1.526	1.111	0.532	1.175	0.215	0.976	1.031	1.058	0.307	0.799	1.187	0.155	1.528	0.995	0.513	1.248	0.162	0.923	1.104	1.136	0.157	0.775	1.186	0.171	1.518	1.113	0.462	1.343	0.154	1.032	0.813	1.214	0.173	0.871	0.917	0.157	1.431												
45:20:02													1.009	0.552	1.258	0.174	0.990	0.961	1.179	0.174	0.851	1.016	0.160	1.527	1.122	0.546	1.275	0.154	0.926	1.092	1.136	0.145	0.791	1.183	0.201	1.468	1.002	0.558	1.267	0.184	0.937	1.088	1.095	0.183	0.797	1.230	0.190	1.521	1.109	0.532	1.174	0.217	0.976	1.029	1.060	0.329	0.799	1.184	0.155	1.525	0.994	0.515	1.243	0.167	0.923	1.105	1.139	0.158	0.775	1.179	0.171	1.516	1.112	0.469	1.343	0.154	1.034	0.813	1.213	0.176	0.874	0.902	0.157	1.432												
45:40:02													1.008	0.560	1.262	0.174	0.994	0.952	1.180	0.179	0.852	1.005	0.160	1.529	1.121	0.546	1.281	0.157	0.925	1.087	1.139	0.145	0.791	1.183	0.201	1.464	1.001	0.557	1.268	0.188	0.936	1.086	1.097	0.185	0.797	1.226	0.190	1.519	1.108	0.532	1.173	0.219	0.976	1.028	1.062	0.336	0.798	1.181	0.155	1.523	0.993	0.516	1.245	0.168	0.922	1.103	1.143	0.159	0.774	1.179	0.171	1.511	1.111	0.476	1.342	0.154	1.036	0.814	1.213	0.179	0.876	0.900	0.157	1.429												
46:00:02													1.009	0.568	1.264	0.174	0.995	0.938	1.180	0.184	0.853	0.997	0.160	1.528	1.121	0.546	1.284	0.159	0.925	1.086	1.143	0.145	0.791	1.180	0.201	1.460	1.000	0.557	1.270	0.191	0.935	1.084	1.099	0.188	0.796	1.223	0.190	1.517	1.110	0.532	1.173	0.224	0.976	1.027	1.063	0.343	0.797	1.179	0.155	1.521	0.993	0.516	1.246	0.171	0.921	1.103	1.147	0.161	0.774	1.176	0.171	1.512	1.112	0.482	1.344	0.154	1.037	0.815	1.213	0.183	0.878	0.899	0.157	1.431												
46:20:02													1.009	0.574	1.268	0.175	0.994	0.926	1.181	0.192	0.854	0.986	0.160	1.526	1.120	0.545	1.286	0.160	0.924	1.083	1.146	0.146	0.791	1.179	0.201	1.457	0.999	0.556	1.270	0.193	0.934	1.082	1.101	0.191	0.796	1.219	0.190	1.515	1.112	0.532	1.173	0.229	0.977	1.027	1.065	0.350	0.797	1.176	0.155	1.518	0.991	0.517	1.247	0.172	0.921	1.105	1.152	0.164	0.774	1.173	0.171	1.511	1.111	0.487	1.347	0.154	1.038	0.815	1.212	0.189	0.881	0.898	0.157	1.431												
46:40:02													1.008	0.579	1.271	0.175	0.998	0.911	1.181	0.203	0.853	0.971	0.160	1.522	1.119	0.545	1.285	0.161	0.924	1.081	1.149	0.146	0.791	1.177	0.201	1.454	0.998	0.556	1.271	0.194	0.934	1.079	1.103	0.196	0.795	1.216	0.190	1.513	1.111	0.532	1.173	0.236	0.977	1.024	1.067	0.361	0.796	1.174	0.155	1.516	0.990	0.518	1.248	0.173	0.921	1.107	1.157	0.168	0.773	1.171	0.171	1.505	1.111	0.492	1.349	0.155	1.038	0.815	1.212	0.202	0.883	0.900	0.157	1.434												
47:00:02													1.009	0.586	1.274	0.175	1.000	0.896	1.181	0.212	0.854	0.924	0.160	1.521	1.119	0.544	1.280	0.161	0.924	1.078	1.151	0.146	0.791	1.178	0.200	1.452	0.997	0.555	1.272	0.194	0.933	1.078	1.105	0.203	0.795	1.212	0.190	1.511	1.111	0.531	1.173	0.243	0.977	1.024	1.069	0.372	0.795	1.173	0.155	1.513	0.990	0.518	1.247	0.174	0.920	1.110	1.160	0.174	0.772	1.167	0.171	1.505	1.111	0.496	1.349	0.155	1.037	0.816	1.213	0.214	0.885	0.899	0.157	1.435												
47:20:02													1.008	0.590	1.276	0.175	1.000	0.884	1.182	0.220	0.855	0.911	0.160	1.520	1.117	0.544	1.277	0.162	0.923	1.073	1.154	0.147	0.791	1.172	0.200	1.450	0.996	0.555	1.272	0.195	0.932	1.075	1.107	0.209	0.794	1.208	0.189	1.510	1.111	0.531	1.173	0.258	0.977	1.023	1.071	0.378	0.795	1.171	0.155	1.510	0.989	0.518	1.248	0.175	0.919	1.111	1.163	0.181	0.771	1.161	0.171	1.501	1.111	0.501	1.351	0.155	1.036	0.817	1.212	0.223	0.888	0.900	0.157	1.439												
47:40:02													1.008	0.594	1.278	0.175	0.997	0.873	1.183	0.227	0.854	0.891	0.160	1.512	1.116	0.545	1.274	0.162	0.923	1.071	1.158	0.147	0.791	1.171	0.200	1.448	0.996	0.554	1.273	0.195	0.932	1.073	1.108	0.214	0.794	1.204	0.189	1.507	1.110	0.531	1.174	0.258	0.978	1.024	1.073	0.388	0.794	1.171	0.155	1.507	0.988	0.519	1.247	0.175	0.918	1.111	1.165	0.187	0.771	1.160	0.170	1.498	1.110	0.506	1.351	0.155	1.035	0.818	1.211	0.230	0.890	0.902	0.157	1.441												
48:00:02													1.008	0.598	1.281	0.175	0.994	0.862	1.184	0.232	0.856	0.883	0.160	1.502	1.115	0.544	1.272	0.163	0.922	1.072	1.161	0.148	0.790	1.169	0.200	1.443	0.994	0.554	1.274	0.195	0.931	1.071	1.110	0.221	0.793	1.201	0.189	1.505	1.109	0.531	1.175	0.262	0.978	1.021	1.074	0.399	0.794	1.167	0.155	1.504	0.987	0.519	1.247	0.176	0.918	1.109	1.166	0.192	0.770	1.157	0.170	1.494	1.110	0.511	1.351	0.155	1.036	0.818	1.213	0.235	0.892	0.904	0.157	1.445												

